41.2481 -70.8109

41.3701 -70.0053
41.2472 -70.2331
41.3175 -70.0201
41.3701 -70.0053

41.3674 -70.4529

41.4186 -70.9387

41.4717 -70.6037
41.3044 -70.7864
41.4565 -70.6051
41.4717 -70.6037

41.4595 -70.7908

41.5538 -70.0215

42.8747 -70.85
42.6572 -70.7013
42.5259 -70.8851
42.3725 -71.0487
42.2839 -70.8314
42.1441 -70.653
41.9406 -70.5297
41.7561 -70.4009
41.7471 -70.1008
41.995 -70.0838
41.7971 -69.9567
41.6605 -70.1853
41.6192 -70.4059
41.553 -70.6587
41.6159 -70.8743
41.5071 -71.0698
41.7555 -71.1107
41.7778 -71.3352
42.0023 -71.3871
42.0151 -71.6199
42.0217 -71.9158
42.0245 -72.2112
42.0289 -72.5068
42.0315 -72.7576
42.0387 -72.9933
42.044 -73.2369
42.051 -73.4805
42.2783 -73.4092
42.495 -73.3307
42.7116 -73.2699
42.7422 -73.0003
42.7388 -72.7617
42.732 -72.516
42.7257 -72.252
42.7189 -71.9682
42.7118 -71.6843
42.7049 -71.4005
42.7607 -71.1818
42.8547 -70.9256
42.8747 -70.85

49.3539 -94.9825
49.1666 -94.8037
48.9146 -94.7117
48.7264 -94.5192
48.7139 -94.2926
48.652 -94.0348
48.6171 -93.8094
48.5313 -93.5999
48.6041 -93.3857
48.6303 -93.1317
48.6122 -92.8842
48.5487 -92.6486
48.4105 -92.4676
48.2229 -92.3279
48.3501 -92.0705
48.2283 -91.8522
48.0979 -91.6186
48.0364 -91.3654
48.1077 -91.0711
48.2271 -90.8738
48.084 -90.7013
48.0945 -90.4779
48.0899 -90.1786
48.0101 -89.9204
48.0034 -89.6787
47.7738 -89.6708
47.5521 -89.8142
47.3304 -89.9576
47.2916 -90.2187
47.2999 -90.4799
47.3081 -90.7558
47.2121 -90.9593
47.1161 -91.1629
47.0201 -91.3665
46.9017 -91.5818
46.8125 -91.8087
46.7287 -92.028
46.6585 -92.2522
46.3843 -92.2922
46.1309 -92.2926
45.9973 -92.4806
45.9235 -92.7041
45.7753 -92.882
45.5689 -92.7895
45.3509 -92.7085
45.1263 -92.7554
44.9024 -92.7788
44.7116 -92.6611
44.608 -92.429
44.4658 -92.1561
44.3357 -91.9122
44.1496 -91.6626
44.0296 -91.4711
43.8978 -91.2795
43.667 -91.2545
43.501 -91.5754
43.5009 -91.9006
43.5008 -92.2258
43.5008 -92.551
43.5008 -92.8762
43.5006 -93.1012
43.5006 -93.5266
43.5006 -93.8519
43.5005 -94.1771
43.5005 -94.5023
43.5004 -94.8275
43.5003 -95.1527
43.5003 -95.4779
43.5003 -95.8032
43.5002 -96.1284
43.5001 -96.4536
43.9395 -96.4536
44.3788 -96.4536
44.8182 -96.4536
45.2575 -96.4536
45.4029 -96.6882
45.5756 -96.8631
45.7286 -96.6592
45.9314 -96.5563
46.1573 -96.5644
46.3685 -96.7087
46.597 -96.7848
46.8272 -96.7858
47.068 -96.822
47.3865 -96.8464
47.6161 -96.8886
47.8226 -96.9865
48.0231 -97.1063
48.2812 -97.1199
48.5341 -97.1484
48.7882 -97.1777
48.9927 -96.9356
48.9927 -96.496
48.9927 -96.0563
48.9927 -95.6167
48.9927 -95.1771
49.2234 -95.1603
49.3539 -94.9825

48.9926 -104.046
48.6355 -104.046
48.3018 -104.046
47.968 -104.046
47.6343 -104.046
47.3006 -104.046
46.9669 -104.046
46.6333 -104.046
46.2996 -104.046
45.942 -104.044
45.6165 -104.042
45.291 -104.04
45.0125 -104.039
45.0001 -104.364
45.0001 -104.69
45.0001 -105.016
45.0001 -105.343
45.0001 -105.669
45.0001 -105.996
45.0001 -106.322
45.0001 -106.648
45.0001 -106.975
45.0001 -107.301
45.0001 -107.627
45 -107.954
45 -108.28
45 -108.607
45 -108.933
45 -109.259
45 -109.586
45 -109.912
45 -110.239
45 -110.565
45 -110.891
44.8319 -111.051
44.589 -111.051
44.669 -111.298
44.5471 -111.487
44.5658 -111.727
44.5544 -111.951
44.5531 -112.185
44.4624 -112.39
44.488 -112.646
44.377 -112.845
44.5371 -113.003
44.7374 -113.105
44.7933 -113.324
44.9937 -113.43
45.1643 -113.579
45.3433 -113.714
45.5543 -113.803
45.6994 -113.99
45.5587 -114.177
45.5136 -114.402
45.7189 -114.527
45.9199 -114.413
46.1488 -114.502
46.3523 -114.404
46.574 -114.334
46.6472 -114.55
46.716 -114.767
46.877 -114.923
47.0243 -115.15
47.2113 -115.29
47.2998 -115.497
47.4228 -115.701
47.6529 -115.718
47.8357 -115.855
47.9733 -116.037
48.288 -116.049
48.523 -116.048
48.758 -116.048
48.9925 -115.839
48.9925 -115.4
48.9925 -114.96
48.9925 -114.52
48.9925 -114.081
48.9925 -113.641
48.9925 -113.201
48.9925 -112.762
48.9926 -112.322
48.9926 -111.883
48.9926 -111.443
48.9926 -111.003
48.9926 -110.564
48.9926 -110.124
48.9926 -109.685
48.9926 -109.245
48.9926 -108.805
48.9926 -108.366
48.9926 -107.926
48.9926 -107.486
48.9926 -107.047
48.9926 -106.607
48.9926 -106.168
48.9926 -105.728
48.9926 -105.288
48.9926 -104.849
48.9926 -104.409
48.9926 -104.048
48.9926 -104.046

48.9927 -97.2292
48.7495 -97.1326
48.4761 -97.1283
48.212 -97.1297
47.9858 -97.035
47.78 -96.9441
47.5574 -96.8636
47.2592 -96.8466
47.0023 -96.8261
46.7781 -96.7844
46.5404 -96.7396
46.3412 -96.6016
46.103 -96.557
45.9418 -96.7893
45.9418 -97.0223
45.9418 -97.2552
45.9418 -97.4882
45.9418 -97.7211
45.9418 -97.9541
45.9418 -98.1871
45.9418 -98.42
45.9418 -98.6529
45.9418 -98.8859
45.9418 -99.1189
45.9418 -99.3518
45.9419 -99.5848
45.9419 -99.8178
45.9419 -100.051
45.9419 -100.284
45.9419 -100.517
45.9419 -100.75
45.9419 -100.983
45.9419 -101.216
45.9419 -101.449
45.942 -101.681
45.942 -101.914
45.942 -102.147
45.942 -102.38
45.942 -102.613
45.942 -102.846
45.942 -103.079
45.942 -103.312
45.942 -103.545
45.942 -103.778
45.942 -104.045
46.2996 -104.046
46.6333 -104.046
46.9669 -104.046
47.3006 -104.046
47.6343 -104.046
47.968 -104.046
48.3018 -104.046
48.6355 -104.046
48.9926 -103.969
48.9926 -103.53
48.9926 -103.09
48.9926 -102.651
48.9926 -102.211
48.9927 -101.771
48.9927 -101.364
48.9927 -101.112
48.9927 -100.672
48.9927 -100.233
48.9927 -99.7931
48.9927 -99.3535
48.9927 -98.9139
48.9927 -98.4742
48.9927 -98.0346
48.9927 -97.595
48.9927 -97.2292
48.9927 -97.2292

46.7143 -114.744
46.6472 -114.515
46.4712 -114.371
46.2591 -114.446
46.0319 -114.47
45.8079 -114.527
45.5765 -114.545
45.4857 -114.33
45.5587 -114.114
45.6926 -113.921
45.5245 -113.768
45.3048 -113.705
45.1298 -113.555
44.9175 -113.46
44.7989 -113.269
44.6927 -113.065
44.4768 -112.996
44.4439 -112.757
44.499 -112.524
44.5452 -112.295
44.5387 -111.986
44.5374 -111.75
44.5648 -111.515
44.7515 -111.375
44.5987 -111.21
44.3418 -111.051
44.0295 -111.051
43.7172 -111.051
43.405 -111.051
43.0927 -111.051
42.7805 -111.051
42.4682 -111.05
42.1559 -111.05
41.9998 -111.237
41.9999 -111.611
41.9999 -111.985
41.9999 -112.359
42 -112.733
42 -113.107
42 -113.482
42 -113.856
42.0001 -114.228
42 -114.6
41.9999 -114.972
41.9998 -115.344
41.9998 -115.715
41.9998 -116.087
41.9997 -116.459
41.9996 -116.831
42.2058 -117.017
42.5153 -117.018
42.8248 -117.018
43.1343 -117.019
43.4438 -117.02
43.6951 -117.02
43.9173 -116.955
44.1468 -116.907
44.2817 -117.086
44.4825 -117.197
44.6685 -117.04
44.8661 -116.841
45.1514 -116.697
45.3657 -116.602
45.5665 -116.463
45.7721 -116.599
45.8665 -116.839
46.0942 -116.961
46.3201 -117.037
46.6035 -117.04
46.9401 -117.041
47.2556 -117.041
47.5718 -117.043
47.8931 -117.043
48.2122 -117.035
48.5174 -117.037
48.8344 -117.038
48.9925 -116.718
48.9925 -116.279
48.9925 -116.048
48.758 -116.048
48.523 -116.049
48.288 -116.049
48.0531 -116.049
47.8749 -115.896
47.7127 -115.725
47.4954 -115.652
47.3127 -115.505
47.2267 -115.294
47.0928 -115.061
46.9177 -114.919
46.73 -114.769
46.7143 -114.744

46.1485 -123.338

46.4176 -123.964

47.124 -122.707

47.1777 -122.874

47.4088 -122.406

47.6015 -122.493

48.0487 -122.673

48.3908 -122.585
48.1662 -122.559
48.0158 -122.366
48.0049 -122.593
48.1871 -122.724
48.3847 -122.617
48.3908 -122.585

48.4815 -122.82

48.4616 -122.836

48.54 -122.579

48.5799 -122.937

48.5435 -122.703

48.5136 -123.002

48.6164 -122.664

48.6352 -123.108

48.676 -123.187

48.7087 -122.746
48.5928 -122.941
48.7087 -122.746

48.7104 -122.612

48.6876 -123.037

48.6484 -122.62

48.7687 -122.883

48.9925 -123.035

48.9925 -122.653
48.9925 -122.214
48.9925 -121.774
48.9925 -121.334
48.9925 -120.895
48.9925 -120.455
48.9925 -120.016
48.9925 -119.576
48.9925 -119.136
48.9925 -118.697
48.9925 -118.257
48.9925 -117.817
48.9925 -117.378
48.9925 -117.038
48.6759 -117.036
48.3589 -117.037
48.0548 -117.043
47.7372 -117.043
47.4203 -117.041
47.0917 -117.04
46.7696 -117.041
46.4549 -117.039
46.2107 -116.909
46.0015 -117.015
46.0013 -117.272
46.001 -117.53
46.0008 -117.788
46.0005 -118.045
46.0003 -118.303
46.0001 -118.561
45.9999 -118.819
45.9995 -119.045
45.9488 -119.341
45.9297 -119.575
45.8718 -119.934
45.7891 -120.145
45.7218 -120.363
45.7101 -120.621
45.6526 -120.844
45.6529 -121.133
45.7088 -121.57
45.7214 -121.821
45.6423 -122.15
45.5871 -122.426
45.6144 -122.673
45.8199 -122.781
46.0497 -122.874
46.1549 -123.079
46.1515 -123.329
46.2759 -123.603
46.2688 -123.834
46.2736 -124.062
46.5959 -124.072
46.3851 -123.993
46.6059 -123.956
46.8087 -124.114
46.918 -123.882
47.0375 -124.09
47.2266 -124.228
47.4998 -124.351
47.7256 -124.423
47.8762 -124.61
48.1002 -124.723
48.3195 -124.671
48.3168 -124.399
48.2585 -124.16
48.1656 -123.944
48.1599 -123.7
48.1326 -123.476
48.1182 -123.247
48.0597 -123.03
48.1311 -122.795
47.9357 -122.626
47.738 -122.775
47.6349 -123.021
47.4123 -123.158
47.3446 -122.905
47.5971 -122.935
47.7269 -122.734
47.9044 -122.592
47.5971 -122.6
47.3706 -122.545
47.2326 -122.731
47.2023 -122.965
47.1278 -122.748
47.2423 -122.537
47.3466 -122.328
47.5661 -122.409
47.7976 -122.399
47.9674 -122.242
48.1596 -122.366
48.3598 -122.491
48.4792 -122.697
48.5832 -122.485
48.7805 -122.594
48.9359 -122.808
48.9925 -122.653

36.9998 -109.047
36.6456 -109.047
36.2914 -109.047
35.9372 -109.047
35.583 -109.047
35.2288 -109.047
34.8746 -109.047
34.5204 -109.047
34.1662 -109.047
33.812 -109.047
33.4578 -109.047
33.1036 -109.047
32.7494 -109.047
32.3952 -109.047
32.041 -109.047
31.6868 -109.047
31.3326 -109.047
31.3273 -109.283
31.3273 -109.539
31.3273 -109.795
31.3272 -110.052
31.3272 -110.308
31.3272 -110.564
31.3272 -110.821
31.3272 -111.067
31.3921 -111.3
31.475 -111.915
31.6014 -112.325
31.728 -112.734
31.8545 -113.143
31.981 -113.552
32.1076 -113.962
32.2341 -114.371
32.3607 -114.78
32.5945 -114.787
32.7481 -114.578
32.9531 -114.47
33.0542 -114.697
33.3063 -114.724
33.4955 -114.579
33.7104 -114.488
33.9414 -114.516
34.1237 -114.346
34.2595 -114.127
34.4208 -114.294
34.6264 -114.421
34.815 -114.561
35.0478 -114.615
35.3005 -114.592
35.5655 -114.653
35.8224 -114.688
36.0502 -114.723
36.1597 -114.492
36.0581 -114.275
36.1576 -114.065
36.4339 -114.041
36.7017 -114.041
36.9347 -114.04
37.003 -113.728
37.0028 -113.416
37.0026 -113.104
37.0024 -112.792
37.0022 -112.48
37.002 -112.168
37.0018 -111.856
37.0016 -111.543
37.0014 -111.231
37.0012 -110.919
37.0009 -110.607
37.0007 -110.295
37.0005 -109.983
37.0003 -109.671
37.0001 -109.359
36.9999 -109.057
36.9998 -109.047

33.0353 -118.59
32.8976 -118.407
33.0139 -118.608
33.0353 -118.59

33.2765 -119.498

33.4773 -118.53
33.3668 -118.332
33.4329 -118.551
33.4773 -118.53

33.4896 -119.031

33.7654 -118.224

34.0103 -119.39

34.0281 -120.05

34.0531 -120.356

34.0636 -119.824
34.0396 -119.589
33.9598 -119.802
34.0636 -119.824

37.7016 -123.003

37.8166 -122.367

37.8714 -122.418

41.8163 -120.001
41.45 -120.001
41.0836 -120.001
40.7173 -120
40.3509 -120
39.9845 -120
39.6182 -120
39.2518 -120
39.0132 -120
38.6723 -119.766
38.5088 -119.532
38.3453 -119.297
38.1818 -119.063
38.0183 -118.829
37.8548 -118.595
37.6913 -118.36
37.5535 -118.126
37.4158 -117.943
37.2779 -117.76
37.1401 -117.576
37.0023 -117.393
36.8645 -117.21
36.7267 -117.026
36.5889 -116.843
36.3366 -116.499
36.0843 -116.178
35.8319 -115.856
35.5795 -115.535
35.2891 -115.194
35.1464 -115
35.0036 -114.814
34.8793 -114.61
34.6429 -114.424
34.4499 -114.299
34.3141 -114.119
34.1937 -114.346
33.9995 -114.5
33.7646 -114.498
33.547 -114.569
33.3598 -114.714
33.1241 -114.697
33.0194 -114.474
32.7897 -114.525
32.7128 -114.765
32.6931 -115.059
32.6708 -115.353
32.6487 -115.647
32.6264 -115.941
32.6042 -116.235
32.5819 -116.529
32.5597 -116.824
32.5374 -117.125
32.7464 -117.254
32.9935 -117.28
33.1659 -117.509
33.3904 -117.654
33.5617 -117.88
33.731 -118.117
33.7201 -118.355
33.9494 -118.483
34.0303 -118.693
34.0406 -118.921
34.1005 -119.154
34.2746 -119.296
34.3811 -119.495
34.3954 -119.72
34.4355 -119.943
34.4727 -120.172
34.4685 -120.425
34.5526 -120.637
34.7819 -120.619
35.0351 -120.631
35.179 -120.85
35.4053 -120.879
35.5179 -121.102
35.6642 -121.288
35.8547 -121.426
36.0201 -121.582
36.1981 -121.754
36.3718 -121.906
36.5921 -121.964
36.7377 -121.792
36.9549 -121.906
36.9633 -122.135
37.1112 -122.308
37.3405 -122.4
37.5314 -122.518
37.7811 -122.506
37.6042 -122.362
37.5036 -122.159
37.7228 -122.262
37.9202 -122.396
38.0584 -122.204
38.0561 -121.939
38.0111 -121.702
38.0227 -121.459
38.0992 -121.68
38.0532 -121.917
38.0421 -122.158
38.1082 -122.397
37.8821 -122.448
37.8988 -122.672
38.0063 -122.907
38.2201 -122.993
38.4122 -123.113
38.529 -123.305
38.6868 -123.474
38.8273 -123.648
39.0591 -123.704
39.2697 -123.803
39.5293 -123.77
39.7616 -123.837
39.9629 -124.001
40.1159 -124.185
40.2615 -124.36
40.5001 -124.386
40.7 -124.253
40.9364 -124.121
41.1818 -124.113
41.4359 -124.076
41.6643 -124.138
41.891 -124.202
41.9995 -123.924
41.9995 -123.663
41.9995 -123.401
41.9995 -123.14
41.9995 -122.878
41.9995 -122.616
41.9995 -122.355
41.9995 -122.093
41.9995 -121.832
41.9995 -121.57
41.9995 -121.309
41.9995 -121.047
41.9995 -120.785
41.9995 -120.524
41.9995 -120.262
41.9995 -120.001
41.8163 -120.001

40.9997 -103.545
40.9997 -103.307
40.9997 -103.069
40.9997 -102.831
40.9997 -102.593
40.9997 -102.355
40.9996 -102.117
40.7497 -102.052
40.4999 -102.052
40.25 -102.051
40.0001 -102.051
39.7189 -102.05
39.4376 -102.049
39.1563 -102.048
38.875 -102.047
38.5937 -102.045
38.3124 -102.044
38.0311 -102.043
37.7498 -102.042
37.4686 -102.041
37.1873 -102.04
36.9998 -102.26
36.9998 -102.507
36.9998 -102.754
36.9998 -103.001
36.9998 -103.379
36.9998 -103.757
36.9998 -104.134
36.9998 -104.512
36.9998 -104.89
36.9998 -105.268
36.9998 -105.646
36.9998 -106.024
36.9998 -106.402
36.9998 -106.779
36.9998 -107.157
36.9998 -107.535
36.9998 -107.913
36.9998 -108.291
36.9998 -108.669
36.9998 -109.047
37.2498 -109.047
37.4998 -109.047
37.7498 -109.047
37.9998 -109.047
38.2498 -109.047
38.4998 -109.047
38.7498 -109.047
38.9998 -109.047
39.2498 -109.047
39.4998 -109.046
39.7498 -109.046
39.9998 -109.046
40.2498 -109.046
40.4998 -109.046
40.7498 -109.046
40.9998 -108.889
40.9998 -108.575
40.9998 -108.261
40.9998 -107.947
40.9998 -107.633
40.9998 -107.319
40.9998 -107.005
40.9998 -106.691
40.9998 -106.377
40.9998 -106.063
40.9998 -105.749
40.9998 -105.435
40.9998 -105.121
40.9998 -104.807
40.9998 -104.493
40.9998 -104.179
40.9998 -103.903
40.9998 -103.664
40.9997 -103.545

37.0031 -114.04
36.7687 -114.041
36.4966 -114.041
36.2705 -114.042
36.0459 -114.159
36.1443 -114.366
36.1536 -114.637
35.8942 -114.669
35.6468 -114.645
35.3767 -114.591
35.1513 -114.586
35.0036 -114.814
35.1464 -115
35.2891 -115.194
35.4378 -115.374
35.7057 -115.696
35.9581 -116.017
36.2104 -116.338
36.4627 -116.66
36.7267 -117.026
36.8645 -117.21
37.0023 -117.393
37.1401 -117.576
37.2779 -117.76
37.4158 -117.943
37.5535 -118.126
37.6913 -118.36
37.8548 -118.595
38.0183 -118.829
38.1818 -119.063
38.3453 -119.297
38.5088 -119.532
38.6723 -119.766
38.8357 -120
39.0686 -120
39.435 -120
39.8013 -120
40.1677 -120
40.5341 -120
40.9004 -120.001
41.2668 -120.001
41.6332 -120.001
41.9995 -119.814
41.9995 -119.441
41.9995 -119.068
41.9995 -118.695
41.9995 -118.322
41.9995 -117.949
41.9995 -117.576
41.9995 -117.203
41.9995 -116.831
41.9996 -116.459
41.9997 -116.087
41.9998 -115.715
41.9998 -115.344
41.9998 -114.972
41.9999 -114.6
42 -114.228
41.8439 -114.042
41.5316 -114.042
41.2193 -114.042
40.907 -114.042
40.5947 -114.042
40.2824 -114.042
39.9701 -114.041
39.6577 -114.041
39.3455 -114.041
39.0331 -114.041
38.7208 -114.041
38.4085 -114.041
38.0962 -114.041
37.7839 -114.04
37.4716 -114.04
37.1593 -114.04
37.0031 -114.04

36.5002 -103.042
36.1722 -103.044
35.8942 -103.045
35.6162 -103.047
35.3381 -103.048
35.0601 -103.05
34.7821 -103.051
34.504 -103.053
34.226 -103.054
33.948 -103.056
33.6699 -103.057
33.3918 -103.059
33.1138 -103.06
32.8358 -103.062
32.5578 -103.063
32.2797 -103.065
32.0017 -103.288
32.0015 -103.732
32.0013 -104.176
32.0012 -104.621
32.001 -105.065
32.0008 -105.509
32.0007 -105.953
32.0005 -106.398
32.0003 -106.646
31.8122 -106.506
31.7742 -106.74
31.7748 -106.973
31.7754 -107.206
31.7758 -107.439
31.7765 -107.672
31.7769 -107.905
31.7775 -108.138
31.5667 -108.215
31.3416 -108.215
31.3274 -108.471
31.3274 -108.727
31.3274 -108.968
31.6868 -109.047
32.041 -109.047
32.3952 -109.047
32.7494 -109.047
33.1036 -109.047
33.4578 -109.047
33.812 -109.047
34.1662 -109.047
34.5204 -109.047
34.8746 -109.047
35.2288 -109.047
35.583 -109.047
35.9372 -109.047
36.2914 -109.047
36.6456 -109.047
36.9998 -108.858
36.9998 -108.48
36.9998 -108.102
36.9998 -107.724
36.9998 -107.346
36.9998 -106.968
36.9998 -106.591
36.9998 -106.213
36.9998 -105.835
36.9998 -105.457
36.9998 -105.079
36.9998 -104.701
36.9998 -104.323
36.9998 -103.945
36.9998 -103.568
36.9998 -103.19
36.8749 -103.001
36.6251 -103
36.5002 -103.042

46.2202 -123.985
46.2041 -123.755
46.234 -123.519
46.1389 -123.299
46.1827 -123.079
46.0925 -122.874
45.8814 -122.776
45.6628 -122.722
45.61 -122.456
45.57 -122.225
45.5939 -121.971
45.7214 -121.718
45.7294 -121.272
45.6241 -121.044
45.6526 -120.794
45.7309 -120.47
45.7402 -120.245
45.7948 -119.934
45.838 -119.662
45.9274 -119.429
45.9461 -119.093
45.9996 -118.819
45.9999 -118.561
46.0001 -118.303
46.0003 -118.045
46.0005 -117.788
46.0008 -117.53
46.001 -117.272
46.0013 -117.015
45.9099 -116.779
45.778 -116.557
45.5424 -116.512
45.3657 -116.649
45.1514 -116.824
44.9199 -116.841
44.75 -117.029
44.5371 -117.149
44.3163 -117.195
44.2719 -116.973
44.0496 -116.934
43.8448 -117.031
43.547 -117.02
43.2375 -117.019
42.928 -117.018
42.6185 -117.018
42.309 -117.017
41.9995 -117.203
41.9995 -117.576
41.9995 -117.949
41.9995 -118.322
41.9995 -118.695
41.9995 -119.068
41.9995 -119.441
41.9995 -119.814
41.9995 -120.262
41.9995 -120.524
41.9995 -120.785
41.9995 -121.047
41.9995 -121.309
41.9995 -121.57
41.9995 -121.832
41.9995 -122.093
41.9995 -122.355
41.9995 -122.616
41.9995 -122.878
41.9995 -123.14
41.9995 -123.401
41.9995 -123.663
41.9995 -123.924
41.9995 -124.186
42.1319 -124.366
42.3496 -124.426
42.5855 -124.403
42.8039 -124.539
43.0113 -124.445
43.2631 -124.395
43.4175 -124.233
43.6566 -124.202
43.8817 -124.145
44.1906 -124.114
44.4117 -124.072
44.6406 -124.059
44.8784 -124.033
45.1049 -123.977
45.3314 -123.988
45.5572 -123.946
45.7816 -123.967
46.014 -123.928
46.2308 -124.017
46.2202 -123.985

46.2204 -123.441

42 -113.295
42 -112.92
42 -112.546
41.9999 -112.172
41.9999 -111.798
41.9999 -111.424
41.9998 -111.05
41.7499 -111.05
41.5 -111.05
41.25 -111.05
41.0001 -111.05
40.9998 -110.799
40.9998 -110.549
40.9998 -110.299
40.9998 -110.048
40.9998 -109.798
40.9998 -109.547
40.9998 -109.297
40.9998 -109.046
40.7498 -109.046
40.4998 -109.046
40.2498 -109.046
39.9998 -109.046
39.7498 -109.046
39.4998 -109.047
39.2498 -109.047
38.9998 -109.047
38.7498 -109.047
38.4998 -109.047
38.2498 -109.047
37.9998 -109.047
37.7498 -109.047
37.4998 -109.047
37.2498 -109.047
36.9998 -109.203
37 -109.515
37.0002 -109.827
37.0004 -110.139
37.0006 -110.451
37.0008 -110.763
37.0011 -111.075
37.0012 -111.387
37.0015 -111.699
37.0017 -112.012
37.0019 -112.324
37.0021 -112.636
37.0023 -112.948
37.0025 -113.26
37.0027 -113.572
37.0029 -113.884
37.3154 -114.04
37.6277 -114.041
37.9401 -114.041
38.2523 -114.041
38.5647 -114.041
38.877 -114.041
39.1893 -114.041
39.5016 -114.041
39.8139 -114.042
40.1262 -114.042
40.4385 -114.042
40.7508 -114.042
41.0631 -114.042
41.3755 -114.042
41.6878 -114.043
42.0001 -113.856
42 -113.482
42 -113.295

43.0004 -104.053
42.7503 -104.053
42.5002 -104.053
42.2502 -104.053
42.0001 -104.053
41.75 -104.053
41.5 -104.052
41.2499 -104.053
40.9998 -104.179
40.9998 -104.493
40.9998 -104.807
40.9998 -105.121
40.9998 -105.435
40.9998 -105.749
40.9998 -106.063
40.9998 -106.377
40.9998 -106.691
40.9998 -107.005
40.9998 -107.319
40.9998 -107.633
40.9998 -107.947
40.9998 -108.261
40.9998 -108.575
40.9998 -108.889
40.9998 -109.172
40.9998 -109.422
40.9998 -109.672
40.9998 -109.923
40.9998 -110.173
40.9998 -110.424
40.9998 -110.674
40.9998 -110.925
41.1875 -111.05
41.4375 -111.05
41.6874 -111.05
41.9373 -111.05
42.3121 -111.05
42.6243 -111.051
42.9366 -111.051
43.2489 -111.051
43.5611 -111.051
43.8734 -111.051
44.1856 -111.051
44.4979 -111.051
44.7408 -111.051
44.9838 -111.051
45 -110.783
45 -110.456
45 -110.13
45 -109.803
45 -109.477
45 -109.151
45 -108.824
45 -108.498
45 -108.171
45 -107.845
45 -107.519
45.0001 -107.192
45.0001 -106.866
45.0001 -106.54
45.0001 -106.213
45.0001 -105.887
45.0001 -105.56
45.0001 -105.234
45.0001 -104.908
45.0001 -104.581
45.0001 -104.255
44.8751 -104.056
44.6258 -104.056
44.3752 -104.055
44.1252 -104.055
43.8752 -104.055
43.6253 -104.055
43.3753 -104.054
43.1254 -104.053
43.0004 -104.053

35.9862 -90.3008
35.991 -90.0159
35.9974 -89.731
35.7908 -89.9379
35.548 -89.9282
35.3856 -90.1153
35.1483 -90.1061
35.0231 -90.3016
34.8641 -90.4639
34.6423 -90.5761
34.3961 -90.6629
34.2796 -90.8643
34.0432 -90.9092
33.8495 -91.0516
33.697 -91.2259
33.4781 -91.1262
33.218 -91.0955
33.0137 -91.3593
33.0133 -91.7169
33.013 -92.0745
33.0127 -92.4321
33.0123 -92.7897
33.012 -93.1473
33.0116 -93.5049
33.0113 -93.8625
33.2497 -94.0452
33.4884 -94.0473
33.5743 -94.2832
33.8648 -94.4728
34.2995 -94.4616
34.7342 -94.4503
35.1688 -94.4391
35.5254 -94.4839
35.8038 -94.5287
36.0822 -94.5735
36.3606 -94.6183
36.4998 -94.3441
36.4998 -94.0699
36.4998 -93.7957
36.4998 -93.5216
36.4998 -93.2474
36.4998 -92.9732
36.4998 -92.699
36.4998 -92.4248
36.4998 -92.1506
36.4998 -91.8764
36.4998 -91.6022
36.4998 -91.328
36.4998 -91.0539
36.4998 -90.7797
36.4998 -90.5055
36.4998 -90.2313
36.3333 -90.0706
36.1753 -90.233
36.0057 -90.3812
35.9862 -90.3008

42.5118 -90.6542
42.376 -90.4322
42.1996 -90.2365
41.9763 -90.167
41.7744 -90.2911
41.5743 -90.4146
41.5105 -90.6413
41.4512 -90.9915
41.236 -91.094
41.0293 -90.949
40.8391 -91.0935
40.6533 -91.2273
40.4615 -91.3804
40.5024 -91.6072
40.6188 -91.8354
40.6042 -92.1455
40.6001 -92.4638
40.5954 -92.721
40.586 -93.095
40.5824 -93.3283
40.5844 -93.5617
40.5829 -93.7887
40.5777 -94.0158
40.5745 -94.2471
40.5735 -94.4783
40.5771 -94.8112
40.584 -95.1471
40.5895 -95.3721
40.5963 -95.6645
40.7143 -95.8642
40.9385 -95.8419
41.1672 -95.8528
41.4023 -95.9341
41.5904 -96.0778
41.8189 -96.133
42.0289 -96.2603
42.2409 -96.3348
42.4967 -96.4145
42.6705 -96.5976
42.888 -96.542
43.1217 -96.4552
43.3751 -96.5356
43.5001 -96.1284
43.5001 -95.8032
43.5002 -95.4779
43.5003 -95.1527
43.5003 -94.8275
43.5003 -94.5023
43.5004 -94.1771
43.5005 -93.8519
43.5005 -93.5266
43.5006 -93.2014
43.5006 -92.8762
43.5006 -92.551
43.5008 -92.2258
43.5008 -91.9006
43.5008 -91.5754
43.5009 -91.2501
43.34 -91.0865
43.0904 -91.1547
42.8709 -91.0862
42.7016 -90.7957
42.5445 -90.6287
42.5118 -90.6542

39.8607 -95.0678
39.6217 -95.0594
39.42 -94.9537
39.2173 -94.8106
39.043 -94.6177
38.7876 -94.6178
38.5322 -94.6178
38.2768 -94.6179
38.0214 -94.6179
37.766 -94.618
37.5106 -94.618
37.2552 -94.618
36.9998 -94.8491
36.9998 -95.0801
36.9998 -95.3112
36.9998 -95.5423
36.9998 -95.7734
36.9998 -96.0045
36.9998 -96.2356
36.9998 -96.4667
36.9998 -96.6978
36.9998 -96.9289
36.9998 -97.16
36.9998 -97.3911
36.9998 -97.6221
36.9998 -97.8532
36.9998 -98.0843
36.9998 -98.3154
36.9998 -98.5465
36.9998 -98.7775
36.9998 -99.0086
36.9998 -99.2397
36.9998 -99.4708
36.9998 -99.7019
36.9998 -99.933
36.9998 -100.164
36.9998 -100.395
36.9998 -100.626
36.9998 -100.857
36.9998 -101.088
36.9998 -101.32
36.9998 -101.551
36.9998 -101.782
36.9998 -102.04
37.2811 -102.041
37.5624 -102.042
37.8436 -102.043
38.1249 -102.044
38.4062 -102.045
38.6875 -102.047
38.9687 -102.048
39.25 -102.049
39.5313 -102.05
39.8126 -102.051
40.0001 -101.815
40.0001 -101.396
40.0001 -100.976
40.0001 -100.557
40.0001 -100.138
40.0001 -99.7188
40.0001 -99.2996
40.0001 -98.8804
40.0001 -98.4612
40.0001 -98.0421
40.0001 -97.6228
40.0001 -97.2037
40.0001 -96.7844
40.0001 -96.3653
40.0001 -95.9461
40.0001 -95.5268
40.0001 -95.2605
39.8607 -95.0678

40.5022 -91.5964
40.2622 -91.5182
40.0096 -91.4871
39.8035 -91.3892
39.7108 -91.1043
39.478 -91.0657
39.4524 -90.8195
39.242 -90.7367
39.0079 -90.7026
38.894 -90.479
38.9265 -90.1836
38.6794 -90.1965
38.4315 -90.363
38.2071 -90.2911
38.0375 -90.1108
37.9526 -89.8887
37.8093 -89.669
37.632 -89.5165
37.3983 -89.4586
37.165 -89.4015
37.0386 -89.2164
36.8184 -89.1345
36.6076 -89.2263
36.499 -89.4271
36.3492 -89.6093
36.1234 -89.6386
36.0006 -89.8735
35.9942 -90.1584
36.2184 -90.132
36.4451 -90.1268
36.4998 -90.5055
36.4998 -90.7797
36.4998 -91.0539
36.4998 -91.328
36.4998 -91.5643
36.4998 -91.8764
36.4998 -92.1506
36.4998 -92.4248
36.4998 -92.699
36.4998 -92.9732
36.4998 -93.2474
36.4998 -93.5216
36.4998 -93.7957
36.4998 -94.0699
36.4998 -94.3441
36.4998 -94.6183
36.7498 -94.6181
36.9998 -94.618
37.2552 -94.618
37.5106 -94.618
37.766 -94.6179
38.0214 -94.6179
38.2768 -94.6178
38.5322 -94.6178
38.7876 -94.6177
39.043 -94.6177
39.2028 -94.8106
39.3852 -94.9438
39.5503 -95.1089
39.7305 -94.9694
39.8928 -95.1499
40.0193 -95.3616
40.2257 -95.4674
40.3795 -95.6595
40.6005 -95.7675
40.5963 -95.4695
40.5895 -95.1471
40.584 -94.9221
40.5771 -94.5893
40.573 -94.3627
40.574 -94.1315
40.5751 -93.9023
40.5803 -93.6752
40.5855 -93.445
40.5834 -93.2117
40.5813 -92.908
40.5907 -92.5341
40.6001 -92.2463
40.6042 -91.944
40.6089 -91.7188
40.5022 -91.5964

43.0003 -102.325
43.0003 -101.984
43.0003 -101.644
43.0003 -101.303
43.0003 -100.962
43.0003 -100.621
43.0002 -100.281
43.0002 -99.94
43.0002 -99.5993
43.0002 -99.2586
43.0002 -98.9178
43.0002 -98.577
42.9746 -98.3492
42.8724 -98.1047
42.8577 -97.8753
42.8541 -97.622
42.8598 -97.3012
42.7855 -97.0513
42.7322 -96.8257
42.5916 -96.6432
42.5128 -96.4145
42.3002 -96.3365
42.0801 -96.2603
41.8716 -96.133
41.6471 -96.099
41.474 -95.9457
41.2241 -95.9238
41.0045 -95.845
40.77 -95.8624
40.5487 -95.7551
40.3493 -95.629
40.2008 -95.4572
40.0193 -95.3173
40.0001 -95.7364
40.0001 -96.1557
40.0001 -96.5748
40.0001 -96.9941
40.0001 -97.4133
40.0001 -97.8324
40.0001 -98.2517
40.0001 -98.6708
40.0001 -99.0901
40.0001 -99.5092
40.0001 -99.9284
40.0001 -100.348
40.0001 -100.767
40.0001 -101.186
40.0001 -101.605
40.0001 -102.051
40.25 -102.051
40.4999 -102.052
40.7497 -102.052
40.9996 -102.117
40.9996 -102.355
40.9997 -102.593
40.9997 -102.831
40.9997 -103.069
40.9997 -103.307
40.9997 -103.545
40.9997 -103.784
40.9998 -104.054
41.2499 -104.052
41.5 -104.053
41.75 -104.053
42.0001 -104.053
42.2502 -104.053
42.5002 -104.053
42.7503 -104.053
43.0004 -103.858
43.0004 -103.518
43.0004 -103.177
43.0004 -102.836
43.0003 -102.496
43.0003 -102.325

36.4998 -94.5959
36.2214 -94.5511
35.943 -94.5063
35.6646 -94.4615
35.3862 -94.4447
34.9515 -94.456
34.5168 -94.4672
34.0821 -94.4785
33.6474 -94.4894
33.6916 -94.7137
33.7866 -94.9249
33.913 -95.1283
33.8718 -95.3485
33.9332 -95.5719
33.8554 -95.7902
33.8554 -96.0402
33.762 -96.2634
33.7897 -96.4965
33.8492 -96.7289
33.9573 -96.9327
33.7679 -97.0938
33.8754 -97.3058
33.9026 -97.5709
33.96 -97.8008
34.0036 -98.0505
34.1292 -98.3433
34.1278 -98.5747
34.1421 -98.8575
34.2065 -99.0864
34.3626 -99.2495
34.3893 -99.499
34.4308 -99.882
34.632 -99.9996
34.8593 -99.9999
35.0866 -100
35.3139 -100.001
35.5412 -100.001
35.7685 -100.001
35.9959 -100.002
36.2232 -100.002
36.4504 -100.002
36.5001 -100.338
36.5001 -100.748
36.5001 -100.996
36.5002 -101.261
36.5002 -101.534
36.5002 -101.808
36.5002 -102.072
36.5002 -102.32
36.5002 -102.73
36.5002 -102.967
36.75 -103.001
36.9998 -102.877
36.9998 -102.63
36.9998 -102.383
36.9998 -102.136
36.9998 -101.782
36.9998 -101.551
36.9998 -101.32
36.9998 -101.088
36.9998 -100.857
36.9998 -100.626
36.9998 -100.395
36.9998 -100.164
36.9998 -99.933
36.9998 -99.7019
36.9998 -99.4708
36.9998 -99.2397
36.9998 -99.0086
36.9998 -98.7775
36.9998 -98.5465
36.9998 -98.3154
36.9998 -98.0843
36.9998 -97.8532
36.9998 -97.6221
36.9998 -97.3911
36.9998 -97.16
36.9998 -96.9289
36.9998 -96.6978
36.9998 -96.4667
36.9998 -96.2356
36.9998 -96.0045
36.9998 -95.7734
36.9998 -95.5423
36.9998 -95.3112
36.9998 -95.0801
36.9998 -94.8491
36.9998 -94.618
36.7498 -94.6182
36.4998 -94.5959

45.942 -103.545
45.942 -103.312
45.942 -103.079
45.942 -102.846
45.942 -102.613
45.942 -102.38
45.942 -102.147
45.942 -101.914
45.942 -101.681
45.942 -101.449
45.942 -101.216
45.9419 -100.983
45.9419 -100.75
45.9419 -100.517
45.9419 -100.284
45.9419 -100.051
45.9419 -99.8178
45.9419 -99.5848
45.9419 -99.3518
45.9419 -99.1189
45.9418 -98.8859
45.9418 -98.6529
45.9418 -98.42
45.9418 -98.1871
45.9418 -97.9541
45.9418 -97.7211
45.9418 -97.4882
45.9418 -97.2552
45.9418 -97.0223
45.9418 -96.7893
45.9418 -96.5563
45.744 -96.686
45.5351 -96.7667
45.4029 -96.5665
45.0379 -96.4536
44.5985 -96.4536
44.1592 -96.4536
43.7198 -96.4536
43.5001 -96.5953
43.2777 -96.5703
43.0746 -96.4741
42.867 -96.5595
42.6379 -96.5384
42.6817 -96.7746
42.7637 -96.9924
42.8354 -97.2382
42.8871 -97.5004
42.8653 -97.7294
42.7884 -97.9529
42.8283 -98.2429
42.9235 -98.4542
43.0002 -98.7474
43.0002 -99.0882
43.0002 -99.4289
43.0002 -99.7696
43.0002 -100.11
43.0002 -100.451
43.0003 -100.792
43.0003 -101.133
43.0003 -101.473
43.0003 -101.814
43.0003 -102.155
43.0003 -102.496
43.0003 -102.836
43.0004 -103.177
43.0004 -103.518
43.0004 -103.858
43.1254 -104.054
43.3753 -104.055
43.6253 -104.055
43.8752 -104.055
44.1252 -104.055
44.3752 -104.056
44.6258 -104.056
44.8751 -104.057
45.1825 -104.04
45.508 -104.043
45.8335 -104.045
45.942 -103.778
45.942 -103.545

29.0419 -90.8293

29.046 -90.7991

29.0513 -90.9151

29.0706 -90.6563

29.0524 -90.4134

29.0786 -90.3465

29.1186 -90.3981

29.2351 -90.4525

29.2164 -90.0306

29.2849 -89.9293

29.3256 -89.877

29.4731 -89.2032

29.5114 -90.0958

29.5239 -89.0985

29.6193 -88.9982

29.6234 -88.9939

29.6386 -88.9783

29.4901 -91.8405

29.692 -89.5105

29.6831 -88.9388

29.7723 -89.4321

29.8122 -89.3044

29.8038 -88.9842

29.8563 -88.8649

29.8676 -88.9235

29.8815 -88.883

29.8785 -88.9063

29.9235 -89.2939

29.9459 -89.2683

29.9172 -89.3279

29.8103 -88.8546
30.048 -88.8724
29.8103 -88.8546

30.1426 -89.4313

30.0729 -89.2165

32.198 -91.0323
31.9915 -91.1584
31.8581 -91.3513
31.6148 -91.4295
31.3916 -91.4992
31.1942 -91.6108
31.0002 -91.44
31.0002 -91.1901
31.0002 -90.8773
31.0002 -90.5436
31.0002 -90.2308
31.0002 -89.9809
31.0001 -89.7353
30.7941 -89.8245
30.5659 -89.784
30.3604 -89.6346
30.2299 -89.8262
30.3262 -90.0585
30.3527 -90.3056
30.1433 -90.4141
30.0397 -90.1684
30.0524 -89.9273
30.1753 -89.7364
29.9573 -89.8111
29.8908 -89.5869
30.0711 -89.4347
29.8637 -89.3503
29.7508 -89.5543
29.6399 -89.7569
29.5029 -89.5781
29.3876 -89.3801
29.3162 -89.1622
29.0974 -89.0648
29.0594 -89.2887
29.2431 -89.4739
29.2963 -89.7323
29.4489 -89.9077
29.5447 -90.1162
29.325 -90.034
29.132 -90.1473
29.2576 -90.3375
29.2908 -90.562
29.1195 -90.7115
29.1713 -90.9552
29.2232 -91.2286
29.4457 -91.2626
29.5658 -91.4525
29.7288 -91.6379
29.7191 -91.8667
29.7989 -92.0864
29.5869 -92.1739
29.5344 -92.4651
29.6041 -92.7953
29.693 -93.0268
29.7728 -93.2535
29.7704 -93.4974
29.7426 -93.7394
29.9783 -93.7889
30.1925 -93.7126
30.4413 -93.7064
30.6607 -93.662
30.8684 -93.5727
31.0971 -93.5574
31.3094 -93.6726
31.5241 -93.7649
31.7428 -93.8373
31.9235 -93.974
32.1896 -94.0426
32.4243 -94.0422
32.6589 -94.0417
32.8936 -94.0413
33.0111 -93.6837
33.0115 -93.3261
33.0118 -92.9685
33.0122 -92.6109
33.0125 -92.2533
33.0129 -91.8957
33.0132 -91.5381
33.0135 -91.1805
32.7709 -91.1546
32.5432 -91.1044
32.3572 -90.974
32.198 -91.0323

26.1136 -97.1664
26.3374 -97.2399
26.5505 -97.3132
26.7716 -97.3619
26.9943 -97.4031
26.7567 -97.2387
26.4458 -97.2399
26.205 -97.1707
26.1136 -97.1664

27.6528 -97.2594
27.3576 -97.3466
27.5667 -97.2572
27.7695 -97.0819
27.6528 -97.2594

27.8715 -97.0344
28.0991 -96.9003
27.8909 -97.0287
27.8715 -97.0344

28.3444 -96.4152
28.2294 -96.7026
28.3368 -96.4932
28.3444 -96.4152

28.4089 -96.3697

29.3529 -94.7244
29.2249 -94.9472
29.3529 -94.7244

36.5002 -102.542
36.5002 -102.072
36.5002 -101.808
36.5002 -101.534
36.5002 -101.261
36.5002 -100.996
36.5002 -100.748
36.5001 -100.338
36.5001 -100.101
36.2232 -100.002
35.9959 -100.001
35.7685 -100.001
35.5412 -100.001
35.3139 -100
35.0866 -99.9999
34.8593 -99.9996
34.632 -99.9993
34.5649 -99.7132
34.3946 -99.565
34.4623 -99.3439
34.2483 -99.193
34.2159 -98.9528
34.1648 -98.7321
34.115 -98.5058
34.1435 -98.2095
34.0119 -98.0014
33.868 -97.8008
33.9945 -97.6028
33.8354 -97.4364
33.9027 -97.218
33.8753 -96.9865
33.8679 -96.7537
33.8282 -96.5189
33.7019 -96.3012
33.8303 -96.1153
33.8841 -95.8604
33.9298 -95.6304
33.8705 -95.357
33.9442 -95.143
33.8298 -94.9487
33.7334 -94.7396
33.6569 -94.5147
33.5827 -94.3001
33.5817 -94.0719
33.2497 -94.0426
33.0109 -94.0415
32.7763 -94.042
32.5416 -94.0424
32.307 -94.0428
32.0723 -94.0432
31.8832 -93.8905
31.6493 -93.8232
31.4559 -93.7069
31.2512 -93.6162
31.0492 -93.5148
30.8197 -93.61
30.6006 -93.7065
30.3734 -93.752
30.1438 -93.7104
29.9682 -93.8675
29.7234 -93.8599
29.6818 -94.102
29.6175 -94.3353
29.5782 -94.6543
29.3747 -94.7628
29.5176 -94.5809
29.7181 -94.7021
29.6577 -94.9196
29.422 -94.9173
29.2042 -95.0884
28.9955 -95.26
28.8723 -95.4872
28.7459 -95.6889
28.7325 -95.952
28.7125 -95.7192
28.6179 -96.0051
28.5017 -96.2189
28.6022 -95.996
28.5867 -96.2265
28.7434 -96.4037
28.7221 -96.6304
28.5369 -96.5013
28.3195 -96.6714
28.1933 -96.8802
28.1681 -97.1102
27.937 -97.1841
27.8732 -97.4244
27.7081 -97.2596
27.4858 -97.3529
27.304 -97.5084
27.4274 -97.7429
27.2447 -97.5982
27.0387 -97.4807
26.8066 -97.493
26.5349 -97.4186
26.3069 -97.3611
26.1007 -97.2638
25.8717 -97.3457
25.9547 -97.5943
26.0586 -97.802
26.0637 -98.0442
26.0754 -98.3004
26.2259 -98.4724
26.2685 -98.6933
26.3721 -98.893
26.484 -99.103
26.7357 -99.2341
26.9248 -99.3768
27.1452 -99.4358
27.3719 -99.4846
27.6048 -99.555
27.7222 -99.7473
27.9018 -99.8813
28.0709 -100.032
28.2203 -100.203
28.422 -100.336
28.6191 -100.446
28.8302 -100.539
29.0448 -100.661
29.2431 -100.796
29.3663 -100.998
29.5013 -101.183
29.6543 -101.349
29.7659 -101.543
29.7757 -101.795
29.811 -102.109
29.8894 -102.321
29.7773 -102.515
29.6645 -102.731
29.4614 -102.839
29.2291 -102.87
29.1102 -103.073
29.0035 -103.302
29.0821 -103.53
29.1879 -103.749
29.293 -104.019
29.4489 -104.212
29.5376 -104.43
29.7454 -104.57
29.9423 -104.682
30.1704 -104.682
30.3507 -104.815
30.5694 -104.928
30.7098 -105.134
30.8194 -105.334
30.9565 -105.531
31.1279 -105.675
31.2884 -105.88
31.411 -106.099
31.5626 -106.286
31.7459 -106.429
31.855 -106.625
32.0003 -106.398
32.0005 -105.953
32.0007 -105.509
32.0008 -105.065
32.001 -104.621
32.0012 -104.176
32.0013 -103.732
32.0015 -103.288
32.1407 -103.064
32.4187 -103.063
32.6968 -103.061
32.9748 -103.06
33.2529 -103.058
33.5308 -103.057
33.8089 -103.055
34.087 -103.054
34.365 -103.052
34.643 -103.051
34.9211 -103.049
35.1991 -103.048
35.4772 -103.046
35.7552 -103.045
36.0332 -103.043
36.3112 -103.042
36.5002 -102.874
36.5002 -102.542

42.007 -72.7633
42.0317 -72.5068
42.0289 -72.2112
42.0245 -71.9158
41.78 -71.7978
41.549 -71.7957
41.3215 -71.8472
41.3179 -72.0834
41.2829 -72.3199
41.2637 -72.5819
41.2673 -72.806
41.2067 -73.0384
41.128 -73.2621
41.0548 -73.4852
41.0675 -73.7174
41.186 -73.5
41.4528 -73.5274
41.6842 -73.5079
41.9157 -73.4883
42.051 -73.2369
42.044 -72.9933
42.007 -72.7633

43.0838 -70.7545
42.8773 -70.85
42.8264 -71.0738
42.7239 -71.2737
42.7049 -71.5424
42.7118 -71.8263
42.7189 -72.1101
42.7257 -72.394
42.9001 -72.5357
43.1079 -72.4469
43.3607 -72.3979
43.5966 -72.3329
43.7846 -72.203
43.9926 -72.1179
44.2309 -72.0423
44.3477 -71.8405
44.4767 -71.6177
44.7107 -71.6249
44.9196 -71.5141
45.1403 -71.4416
45.2923 -71.2094
45.0906 -71.0654
44.8231 -71.0459
44.5555 -71.0264
44.2879 -71.0069
44.0203 -70.9873
43.7528 -70.9678
43.516 -70.9647
43.3048 -70.8667
43.1075 -70.7441
43.0838 -70.7545

41.1498 -71.5996

41.4633 -71.3988

41.5003 -71.2336

41.5808 -71.3307

41.513 -71.1859

41.8961 -71.368
41.7096 -71.2384
41.5943 -71.4374
41.3706 -71.4977
41.3675 -71.7538
41.6067 -71.7972
41.8377 -71.7996
42.0123 -71.6199
42.0164 -71.3871
41.8961 -71.368

44.5747 -71.5835
44.4383 -71.7915
44.3392 -72.0201
44.1045 -72.0695
43.9056 -72.1808
43.7201 -72.3125
43.3607 -72.4013
43.1307 -72.4493
42.9144 -72.5433
42.7347 -72.7126
42.7416 -72.9516
42.7442 -73.2053
42.977 -73.2619
43.2023 -73.2551
43.4276 -73.2493
43.6273 -73.352
43.8544 -73.3784
44.0804 -73.3898
44.2937 -73.3188
44.552 -73.3667
44.7809 -73.3365
45.0046 -73.2994
45.0059 -73.0003
45.0073 -72.701
45.0088 -72.4018
45.0103 -72.1025
45.0118 -71.8033
45.0133 -71.5058
44.8014 -71.6307
44.5866 -71.5589
44.5747 -71.5835

30.2447 -88.3113
30.2761 -88.0711
30.2447 -88.3113

35.0065 -87.6718
35.0055 -87.3567
34.9998 -87.0416
34.9926 -86.7265
34.9898 -86.4113
34.9899 -86.0962
34.9891 -85.7811
34.8676 -85.5744
34.6111 -85.5151
34.3619 -85.4588
34.0829 -85.4049
33.7931 -85.3502
33.5346 -85.2987
33.2987 -85.2572
33.0703 -85.2171
32.8344 -85.1707
32.6153 -85.0146
32.3865 -84.9737
32.1704 -85.0474
31.9414 -85.1221
31.6923 -85.1013
31.4721 -85.0556
31.244 -85.0972
31.0399 -84.9961
31.0001 -85.3243
31 -85.6421
31 -85.9598
30.9999 -86.2776
30.9999 -86.5953
30.9998 -86.913
30.9998 -87.2308
30.9998 -87.5485
30.7494 -87.5112
30.5287 -87.4203
30.3356 -87.5341
30.2521 -87.7865
30.2236 -88.0301
30.2522 -87.7923
30.4459 -87.9233
30.6724 -87.9755
30.4709 -88.112
30.3808 -88.3175
30.6694 -88.4232
30.951 -88.4389
31.2325 -88.4547
31.5141 -88.4704
31.7957 -88.4862
32.0841 -88.45
32.353 -88.4105
32.5775 -88.379
32.8281 -88.3446
33.0961 -88.3085
33.3727 -88.2718
33.6494 -88.2356
33.9174 -88.2012
34.1679 -88.1697
34.3925 -88.1422
34.6613 -88.111
34.892 -88.0882
35.008 -87.8245
35.0065 -87.6718

24.5516 -82.1495

24.551 -82.1627

24.5536 -82.1288

24.5655 -82.1642

24.572 -82.1555

24.5732 -81.7367

24.5932 -81.6501

24.5947 -82.1096

24.6266 -82.8647

24.6257 -82.8752

24.6316 -82.8678

24.6331 -82.9251

24.6494 -82.8534

24.6554 -81.4148

24.6604 -81.276

24.6604 -81.4414

24.6882 -81.5532

24.6882 -81.5532

24.6725 -81.4784

24.6796 -81.3178

24.6994 -81.0877

24.6467 -81.3627

24.7493 -81.0331

24.8269 -80.7997

24.8594 -80.7336

24.9025 -80.6996

24.9373 -80.7842

24.9047 -80.6571

25.0006 -80.7325

25.0319 -80.8652

25.0328 -80.753

25.0786 -80.6457

25.102 -80.6658

25.097 -80.648

25.1149 -80.6858

25.1107 -80.4958

25.1127 -80.6419

25.1374 -80.7076

25.1681 -80.5911

25.1833 -80.5463

25.2192 -80.9511

25.2545 -80.9792

25.2595 -80.9223

25.2783 -81.0587

25.3145 -81.0607

25.3382 -81.1087

25.1595 -80.4428
24.9709 -80.5786
25.1562 -80.4134
25.3428 -80.2734
25.1595 -80.4428

25.3455 -81.0749

25.4155 -80.2312

25.6793 -80.1629

25.8022 -81.3737

25.8161 -81.3707

25.8657 -81.458

25.8771 -81.5737

25.9013 -81.6634

25.8709 -81.5458

26.4611 -82.0963

26.6338 -82.2255

26.509 -82.082

26.7373 -82.2664

27.3398 -82.5892

27.197 -80.1629
27.3968 -80.2759
27.6125 -80.3568
27.8305 -80.4509
27.6225 -80.3376
27.197 -80.1629

28.1811 -80.6365

28.5449 -82.6553

28.5688 -80.6185
28.3151 -80.6689
28.5446 -80.7109
28.5688 -80.6185

28.6293 -82.6556

28.6675 -82.6802

28.6995 -82.6709

28.7205 -82.7115

28.7377 -82.6776

28.7503 -82.6659

28.7603 -82.6925

28.7883 -82.7469

28.8209 -82.7059

28.8563 -82.7276

28.8716 -82.7145

28.8699 -82.666

28.8563 -82.6438

28.8968 -82.6709

29.0948 -82.8162

29.1375 -83.05

29.6857 -85.0836

29.6118 -84.9909
29.7098 -84.7713
29.6118 -84.9909

29.7893 -84.6647

30.412 -86.5218
30.4011 -86.9018
30.3636 -87.2412
30.3746 -86.9517
30.3936 -86.724
30.412 -86.5218

30.7601 -84.8758
30.7098 -84.628
30.6976 -84.3994
30.6818 -84.1147
30.6633 -83.794
30.6502 -83.5704
30.6368 -83.3459
30.6172 -83.0207
30.599 -82.7273
30.5835 -82.4862
30.567 -82.2398
30.3646 -82.12
30.5665 -82.011
30.7907 -81.9722
30.7665 -81.7498
30.7096 -81.5253
30.5001 -81.4351
30.189 -81.354
29.9262 -81.2938
29.7098 -81.21
29.5051 -81.0719
29.2353 -80.9627
29.0277 -80.8777
28.8069 -80.68
28.5578 -80.5431
28.3039 -80.6017
28.0775 -80.5533
27.8664 -80.475
28.0854 -80.6107
28.3793 -80.5879
28.6102 -80.623
28.7556 -80.8289
28.4511 -80.7568
28.2966 -80.5411
27.9814 -80.381
27.6661 -80.3454
27.196 -80.197
26.9732 -80.0741
26.7464 -80.0345
26.4209 -80.0719
26.14 -80.1121
25.7753 -80.1356
25.6182 -80.3104
25.3915 -80.3131
25.1862 -80.4176
25.2005 -80.6514
25.1862 -80.8829
25.1214 -81.102
25.3445 -81.1361
25.2069 -80.9447
25.3513 -81.1413
25.5643 -81.22
25.7485 -81.3572
25.9011 -81.5416
26.0223 -81.7544
26.2488 -81.8214
26.4803 -81.8828
26.6868 -81.7901
26.5399 -81.9832
26.8189 -82.0548
26.9652 -82.242
26.9403 -82.4672
27.179 -82.5066
27.3951 -82.5879
27.6296 -82.5442
27.796 -82.39
27.9428 -82.5588
27.7158 -82.6378
27.8285 -82.8446
28.0582 -82.779
28.2842 -82.7168
28.5019 -82.6608
28.7465 -82.6402
28.9592 -82.7323
29.1748 -82.8207
29.1801 -83.0453
29.374 -83.2157
29.5151 -83.4048
29.7023 -83.5277
29.8987 -83.671
30.0024 -83.9506
30.0879 -84.1682
30.0319 -84.391
29.8941 -84.6044
29.7787 -84.8119
29.716 -85.0836
29.6928 -85.3079
29.907 -85.3887
29.9835 -85.6079
30.0397 -85.3905
30.1242 -85.6052
30.2984 -85.7547
30.2531 -86.066
30.3398 -86.3648
30.4081 -86.1452
30.4854 -86.3679
30.4422 -86.5899
30.4125 -86.8329
30.3896 -87.144
30.4565 -86.927
30.5595 -87.1422
30.367 -87.266
30.2937 -87.4883
30.5287 -87.4414
30.7494 -87.5458
30.9859 -87.5936
30.9998 -87.2308
30.9998 -86.913
30.9998 -86.5953
30.9999 -86.2776
30.9999 -85.9598
31 -85.6421
31 -85.3243
31.0001 -85.0066
30.7601 -84.8758

30.7348 -81.4617
30.9704 -81.4173
30.7348 -81.4617

31.3878 -81.2796

31.587 -81.161

34.9872 -83.1215
34.8379 -83.2948
34.6226 -83.1991
34.4817 -82.9678
34.3661 -82.7614
34.1477 -82.6821
33.9566 -82.542
33.8437 -82.321
33.6346 -82.174
33.5154 -81.9782
33.3124 -81.8764
33.1311 -81.6361
32.951 -81.5004
32.7449 -81.4034
32.5573 -81.2754
32.3546 -81.152
32.1309 -81.1209
32.0397 -80.911
31.8819 -81.0747
31.7724 -81.2733
31.5524 -81.3334
31.3428 -81.4289
31.1171 -81.4873
30.8862 -81.506
30.7284 -81.7088
30.8185 -81.9179
30.6004 -82.0137
30.3754 -82.0524
30.5005 -82.24
30.5753 -82.4862
30.5883 -82.7273
30.6048 -83.0207
30.6236 -83.3459
30.6368 -83.5704
30.6502 -83.794
30.6697 -84.1147
30.6874 -84.3994
30.7022 -84.628
30.7185 -84.867
30.9227 -84.9742
31.1289 -85.0696
31.3829 -85.0767
31.6165 -85.067
31.8452 -85.1364
32.0739 -85.0512
32.2527 -84.9077
32.4626 -84.9941
32.6702 -85.1018
32.9352 -85.1986
33.1697 -85.2572
33.4513 -85.3143
33.7115 -85.3657
33.9917 -85.4221
34.2719 -85.4776
34.5322 -85.5315
34.7526 -85.5744
34.9795 -85.6057
34.9836 -85.3724
34.9852 -85.1213
34.9876 -84.8701
34.9883 -84.619
34.9883 -84.3246
34.9887 -84.0978
34.9913 -83.871
34.9937 -83.6441
34.9962 -83.4173
34.9988 -83.1904
34.9872 -83.1215

30.2138 -88.9693

30.2163 -88.4342

30.2298 -88.9027

30.2368 -89.0682

30.2204 -88.5563

34.998 -88.2245
34.7826 -88.111
34.4923 -88.1554
34.1679 -88.2012
33.9174 -88.2356
33.6494 -88.2718
33.3727 -88.3085
33.0961 -88.3446
32.8281 -88.379
32.5775 -88.4105
32.353 -88.4381
32.0841 -88.4693
31.7957 -88.4756
31.5141 -88.4599
31.2325 -88.4442
30.951 -88.4284
30.6694 -88.4127
30.3879 -88.4022
30.3703 -88.6622
30.4226 -88.9276
30.3524 -89.1779
30.3029 -89.4211
30.3604 -89.6681
30.5522 -89.7995
30.777 -89.8156
31.0001 -89.7728
31.0002 -90.0954
31.0002 -90.3569
31.0002 -90.7105
31.0002 -91.039
31.0002 -91.3255
31.0002 -91.5851
31.218 -91.6392
31.3916 -91.4956
31.6148 -91.4098
31.8407 -91.336
31.9779 -91.1584
32.1475 -90.998
32.4043 -91.0289
32.5948 -91.1524
32.8585 -91.1237
33.1187 -91.1527
33.3825 -91.1287
33.6085 -91.1517
33.8145 -91.0516
34.0304 -90.9525
34.2796 -90.8212
34.3961 -90.594
34.6423 -90.5853
34.8279 -90.3524
35.0001 -90.1742
34.9998 -89.9143
34.9995 -89.6543
34.9992 -89.3943
34.999 -89.1344
34.9987 -88.8744
34.9984 -88.6144
34.9981 -88.3545
34.998 -88.2245

33.0057 -79.3684

35.2013 -82.3628
35.2013 -82.1364
35.1909 -81.8531
35.1797 -81.5817
35.1682 -81.3234
35.1568 -81.0735
35.0681 -80.8366
34.8459 -80.7923
34.8221 -80.5059
34.8175 -80.239
34.8124 -79.9721
34.8068 -79.7412
34.7136 -79.4906
34.5474 -79.294
34.3812 -79.0974
34.215 -78.9008
34.0488 -78.7042
33.8637 -78.5772
33.7786 -78.8675
33.5336 -79.1331
33.2413 -79.1835
33.0788 -79.3715
33.0138 -79.5972
32.8175 -79.7445
32.789 -79.9717
32.604 -80.1042
32.498 -80.3157
32.5478 -80.5397
32.3227 -80.5533
32.3608 -80.7844
32.1081 -80.8116
32.0912 -81.0779
32.3212 -81.1397
32.526 -81.2444
32.688 -81.4087
32.9232 -81.5004
33.1006 -81.7241
33.2894 -81.8553
33.4992 -81.9987
33.6165 -82.1939
33.8151 -82.3633
33.9517 -82.542
34.1302 -82.6821
34.3661 -82.8275
34.4817 -83.0472
34.609 -83.2326
34.8296 -83.2797
34.9872 -83.1143
35.0006 -82.8039
35.1312 -82.6052
35.2162 -82.3912
35.2013 -82.3628

42.4918 -87.6105
42.4918 -87.2374
42.2489 -87.1127
41.9325 -87.1913
41.7597 -87.3832
41.5725 -87.5225
41.2828 -87.5239
40.9931 -87.5254
40.7033 -87.5268
40.4136 -87.5282
40.1239 -87.5297
39.8342 -87.5311
39.5445 -87.5325
39.3349 -87.615
39.1099 -87.6537
38.9166 -87.5396
38.69 -87.5478
38.498 -87.6645
38.3378 -87.8413
38.1419 -87.9535
37.9291 -88.0411
37.6994 -88.1439
37.4746 -88.3071
37.3427 -88.5124
37.0961 -88.4843
37.1149 -88.907
37.1747 -89.1227
37.011 -89.2751
37.165 -89.4642
37.3983 -89.4511
37.614 -89.5204
37.7544 -89.6975
37.8846 -89.8887
38.0079 -90.1108
38.1601 -90.2911
38.4315 -90.2638
38.6794 -90.2006
38.9265 -90.3327
38.894 -90.5853
39.0903 -90.7026
39.3032 -90.8195
39.3201 -91.0509
39.5331 -91.3551
39.7694 -91.3892
39.9782 -91.4871
40.2213 -91.5112
40.4031 -91.375
40.6178 -91.2982
40.7419 -91.1015
40.9462 -90.949
41.1766 -91.062
41.4136 -90.9915
41.4336 -90.7045
41.5173 -90.4829
41.6845 -90.3282
41.8797 -90.167
42.1047 -90.1697
42.2072 -90.3704
42.376 -90.5491
42.5105 -90.2824
42.508 -89.928
42.5055 -89.5735
42.503 -89.219
42.5005 -88.8645
42.498 -88.51
42.4955 -88.1555
42.4931 -87.801
42.4918 -87.6105

41.7597 -87.2212
41.7597 -86.9687
41.7595 -86.736
41.7594 -86.5032
41.7594 -86.2705
41.7593 -86.0377
41.7592 -85.8049
41.7591 -85.5722
41.7589 -85.3394
41.7589 -85.1067
41.7588 -84.8739
41.537 -84.8042
41.2937 -84.8012
41.0496 -84.8038
40.8056 -84.8063
40.5616 -84.8089
40.3176 -84.8115
40.0735 -84.8141
39.8295 -84.8166
39.5855 -84.8192
39.3415 -84.8218
39.0974 -84.8428
38.8782 -84.7986
38.7717 -85.1454
38.7433 -85.4361
38.5076 -85.4958
38.3436 -85.6651
38.227 -85.8779
38.0139 -85.9599
38.02 -86.1837
38.186 -86.3617
38.0192 -86.5203
37.8986 -86.7422
37.9377 -86.9878
37.8508 -87.1952
37.9332 -87.4052
37.857 -87.6271
37.8896 -87.8539
37.8067 -88.0687
38.0517 -88.0331
38.2703 -87.955
38.4003 -87.7523
38.5913 -87.6258
38.8026 -87.5458
39.0557 -87.6085
39.2824 -87.6254
39.5445 -87.5311
39.8342 -87.5297
40.1239 -87.5282
40.4136 -87.5268
40.7033 -87.5254
40.9931 -87.5239
41.2828 -87.5225
41.5725 -87.521
41.7597 -87.3832
41.7597 -87.2212

36.5014 -89.5599

39.0773 -84.5947
39.054 -84.3641
38.8648 -84.227
38.7757 -83.9725
38.7136 -83.7539
38.7074 -83.5123
38.6041 -83.3051
38.6714 -83.075
38.6248 -82.8266
38.4777 -82.6159
38.2582 -82.5714
38.0358 -82.5337
37.8418 -82.4041
37.6783 -82.2443
37.5634 -82.0368
37.4015 -82.2647
37.2653 -82.4479
37.1639 -82.6815
37.0032 -82.8395
36.8564 -83.0498
36.7371 -83.3423
36.6685 -83.5971
36.5872 -83.8089
36.5941 -84.1983
36.6046 -84.6284
36.611 -84.8709
36.6178 -85.1214
36.6249 -85.4265
36.6226 -85.8672
36.6345 -86.217
36.6582 -86.464
36.6559 -86.7059
36.6537 -86.9742
36.6505 -87.3056
36.6473 -87.6055
36.6446 -87.8333
36.6855 -88.0671
36.4986 -88.2154
36.4988 -88.5609
36.4988 -88.9063
36.4989 -89.2517
36.7345 -89.1329
36.9619 -89.1237
37.1855 -89.0437
37.2202 -88.633
37.0725 -88.4545
37.3033 -88.5079
37.4215 -88.3071
37.4913 -88.083
37.7377 -88.0603
37.9233 -87.9091
37.9069 -87.6737
37.9378 -87.4266
37.8591 -87.2093
37.9266 -86.9878
37.9238 -86.7422
38.0192 -86.5186
38.1946 -86.3617
38.0321 -86.1837
38.001 -85.9599
38.2198 -85.861
38.3095 -85.6434
38.4777 -85.4958
38.7075 -85.4547
38.7343 -85.2055
38.7717 -84.9359
38.9743 -84.8281
39.118 -84.6372
39.0773 -84.5947

33.9168 -77.9624

34.1727 -77.8206

34.5223 -77.3544
34.4538 -77.6178
34.504 -77.3741
34.5223 -77.3544

34.6422 -76.5517

34.7051 -76.6815
34.7029 -77.0998
34.6982 -76.7336
34.7051 -76.6815

34.6158 -76.5306
34.7944 -76.3047
34.6158 -76.5306

34.9925 -76.147

35.1365 -76.0173
35.1842 -75.7703
35.1365 -76.0173

35.2333 -75.5537
35.4567 -75.4822
35.7033 -75.5028
35.3364 -75.5156
35.2333 -75.5537

35.8301 -75.644

36.3222 -75.7908
36.1298 -75.564
35.8953 -75.5539
36.0483 -75.7235
36.279 -75.8153
36.5076 -75.8808
36.3222 -75.7908

36.5498 -75.962

36.5426 -80.0896
36.5401 -79.8518
36.5407 -79.6141
36.5413 -79.3763
36.5419 -79.1386
36.5423 -78.8286
36.5423 -78.5187
36.5423 -78.2087
36.5423 -77.8987
36.5432 -77.6523
36.5451 -77.4058
36.5469 -77.1594
36.5488 -76.9129
36.5509 -76.6468
36.5524 -76.3808
36.5512 -76.1322
36.4011 -75.9487
36.1562 -75.8119
36.314 -75.9962
36.3052 -76.2222
36.1039 -76.3494
36.0135 -76.5587
36.1817 -76.7162
35.9527 -76.7298
35.9551 -76.473
35.9731 -76.1954
35.7718 -76.0726
35.89 -75.8763
35.7261 -75.7209
35.579 -75.9545
35.3842 -76.0797
35.3507 -76.3107
35.4313 -76.5461
35.4189 -76.7811
35.488 -76.994
35.3963 -76.7572
35.3377 -76.521
35.1055 -76.6131
34.9892 -76.8078
35.0876 -77.0434
34.9641 -76.8541
34.987 -76.62
34.9387 -76.3961
34.7398 -76.5128
34.7966 -76.7346
34.7219 -77.0729
34.5944 -77.2814
34.5053 -77.5359
34.3762 -77.7305
34.175 -77.8671
33.9582 -77.942
34.1911 -77.9626
33.9526 -78.0089
33.9206 -78.2525
33.8963 -78.559
33.9934 -78.7697
34.1596 -78.9664
34.3258 -79.163
34.492 -79.3596
34.6582 -79.5562
34.8058 -79.7412
34.8094 -79.9721
34.814 -80.239
34.8192 -80.5059
34.8248 -80.7368
35.0093 -80.8905
35.1522 -81.0735
35.1617 -81.3234
35.172 -81.5817
35.1836 -81.8531
35.1942 -82.0804
35.2059 -82.3628
35.1591 -82.6052
35.0808 -83.0965
34.9988 -83.3416
34.9962 -83.5685
34.9937 -83.7953
34.9913 -84.0222
34.9887 -84.249
35.2084 -84.2987
35.2616 -84.0784
35.4535 -83.9304
35.5621 -83.7346
35.5593 -83.4992
35.6664 -83.3018
35.7673 -83.0754
35.9262 -82.9156
36.0002 -82.7018
35.9985 -82.4753
36.1246 -82.2906
36.1088 -82.0521
36.2941 -81.9197
36.4095 -81.7145
36.5939 -81.5703
36.5787 -81.3253
36.5687 -81.0898
36.5649 -80.8147
36.5594 -80.5302
36.5482 -80.2365
36.5426 -80.0896

40.6468 -80.5357
40.4097 -80.6289
40.1931 -80.6944
39.9709 -80.7654
39.7592 -80.8495
39.5981 -81.0553
39.4306 -81.2116
39.4063 -81.4632
39.2762 -81.6622
39.0961 -81.8126
38.8832 -81.9017
39.0032 -82.0922
38.798 -82.2087
38.5883 -82.2882
38.4331 -82.509
38.5355 -82.7366
38.7105 -82.8831
38.6714 -83.1097
38.6041 -83.3251
38.7056 -83.5343
38.6385 -83.7539
38.7717 -83.9489
38.7778 -84.1956
38.9814 -84.2965
39.1115 -84.5086
39.1428 -84.73
39.4228 -84.8192
39.6668 -84.8166
39.9108 -84.8141
40.1549 -84.8115
40.3989 -84.8089
40.6429 -84.8063
40.8869 -84.8038
41.131 -84.8012
41.3687 -84.8042
41.6174 -84.8061
41.7021 -84.5563
41.7073 -84.3032
41.7125 -84.0547
41.7197 -83.8025
41.7291 -83.5546
41.7353 -83.2599
41.938 -83.1234
41.8081 -82.8652
41.6802 -82.6669
41.6719 -82.4249
41.7433 -82.1377
41.8762 -81.8507
42.0092 -81.5637
42.1422 -81.2767
42.2283 -81.0192
42.2674 -80.7617
42.3066 -80.5202
42.0097 -80.5202
41.6952 -80.5202
41.3807 -80.5202
41.0662 -80.5202
40.7516 -80.5202
40.6468 -80.5357

36.6429 -87.8333
36.6457 -87.6055
36.6483 -87.3056
36.6516 -86.9742
36.6546 -86.7059
36.6638 -86.464
36.6523 -86.217
36.6345 -85.8672
36.6285 -85.634
36.6187 -85.1214
36.6249 -84.8709
36.6178 -84.6284
36.611 -84.4015
36.599 -84.0265
36.588 -83.7787
36.6036 -83.4591
36.6023 -83.1466
36.6011 -82.8341
36.5998 -82.5216
36.5985 -82.2091
36.5972 -81.9525
36.6126 -81.6589
36.4003 -81.7446
36.2941 -82.0247
36.1529 -82.1988
36.0957 -82.4293
36.0574 -82.6779
35.9555 -82.8783
35.7855 -83.0529
35.7094 -83.2746
35.5948 -83.4859
35.5639 -83.7281
35.4655 -83.9725
35.2683 -84.0883
35.2084 -84.3043
34.9871 -84.4125
34.9883 -84.7445
34.9883 -84.9957
34.9868 -85.2468
34.9836 -85.498
34.9852 -85.7811
34.9891 -86.0962
34.9899 -86.4113
34.9898 -86.7265
34.9926 -87.0416
34.9998 -87.3567
35.0055 -87.6718
35.0065 -87.982
34.9978 -88.2245
34.998 -88.4845
34.9982 -88.7444
34.9985 -89.0044
34.9988 -89.2644
34.9991 -89.5243
34.9994 -89.7842
34.9997 -90.0443
34.9999 -90.3042
35.1247 -90.1061
35.3696 -90.1031
35.5302 -89.9282
35.7363 -89.785
35.9677 -89.7256
36.247 -89.6765
36.4475 -89.5543
36.499 -89.2517
36.4989 -88.9063
36.4988 -88.5609
36.4988 -88.2154
36.6731 -88.0738
36.6664 -87.8485
36.6429 -87.8333

36.5494 -75.909

37.1079 -75.9624

37.242 -75.812

37.1941 -75.8396

37.3039 -75.7797

37.4149 -75.7192

37.483 -75.6706

37.8228 -75.9852

37.9054 -75.4027

37.9137 -75.4389
37.7439 -75.5981
37.5596 -75.7335
37.3694 -75.8873
37.135 -75.9491
37.3719 -75.99
37.5858 -75.911
37.7664 -75.7779
37.9495 -75.6331
38.0118 -75.3934
37.9137 -75.4389

37.8757 -75.3523

39.1501 -77.8357
39.3239 -77.6644
39.2282 -77.4595
39.0675 -77.3016
38.9341 -77.0972
38.7104 -77.0994
38.5695 -77.2765
38.3504 -77.3431
38.3671 -77.0856
38.2102 -76.9129
38.1419 -76.6915
38.0236 -76.4851
37.925 -76.262
37.6993 -76.2922
37.6569 -76.5169
37.8285 -76.6615
37.982 -76.8801
38.1452 -77.0476
37.9758 -76.8917
37.81 -76.7291
37.6532 -76.552
37.5842 -76.3253
37.3634 -76.2576
37.2611 -76.496
37.4182 -76.6809
37.2555 -76.5043
37.1595 -76.2982
36.9726 -76.4292
37.1194 -76.6186
37.237 -76.829
37.3188 -77.0455
37.3498 -77.2779
37.2733 -77.0671
37.2065 -76.8019
37.0433 -76.6382
36.8632 -76.4974
36.9596 -76.2689
36.9182 -76.0355
36.5906 -75.8531
36.5504 -76.0952
36.5522 -76.3371
36.5521 -76.5803
36.5505 -76.8464
36.5488 -77.1594
36.5469 -77.4058
36.5451 -77.6523
36.5432 -77.8987
36.5423 -78.2087
36.5423 -78.5187
36.5423 -78.8286
36.5423 -79.1386
36.5419 -79.3763
36.5413 -79.6141
36.5407 -79.8518
36.5401 -80.0896
36.5482 -80.3834
36.5594 -80.6771
36.5649 -80.9522
36.5687 -81.2273
36.5817 -81.4723
36.6095 -81.7525
36.597 -82.0008
36.5981 -82.3133
36.5993 -82.6258
36.6006 -82.9383
36.6019 -83.2508
36.6032 -83.5633
36.6914 -83.3423
36.7533 -83.1231
36.8757 -82.8843
37.038 -82.7166
37.1639 -82.5267
37.2785 -82.2647
37.4431 -82.0214
37.303 -81.8442
37.2094 -81.5839
37.3056 -81.3796
37.2466 -81.1321
37.2948 -80.8824
37.4066 -80.6414
37.4329 -80.4161
37.5934 -80.2401
37.8148 -80.1643
37.9728 -79.9999
38.1791 -79.87
38.3643 -79.7356
38.5803 -79.6486
38.4666 -79.4123
38.5241 -79.1902
38.7286 -79.0836
38.7882 -78.8622
38.9174 -78.6741
39.064 -78.4927
39.2735 -78.4039
39.4409 -78.2498
39.2988 -78.0241
39.1567 -77.8443
39.1501 -77.8357

47.2861 -89.9855
47.0715 -90.1246
46.8568 -90.2637
46.6422 -90.4028
46.5087 -90.2173
46.3331 -90.0502
46.2933 -89.7944
46.245 -89.5354
46.1968 -89.301
46.1399 -89.0392
46.0356 -88.8243
46.0069 -88.6003
45.9967 -88.3704
45.9425 -88.1479
45.7872 -87.9861
45.6421 -87.7966
45.4197 -87.8672
45.2312 -87.7348
45.1043 -87.5427
45.205 -87.3117
45.3555 -87.1317
45.4422 -86.9223
45.4232 -86.6787
45.3278 -86.4459
45.0757 -86.5359
44.894 -86.7146
44.6478 -86.8519
44.3664 -86.953
44.0711 -87.0614
43.7652 -87.1317
43.4812 -87.1516
43.2366 -87.1121
42.9912 -87.0794
42.7024 -87.0401
42.4949 -87.2374
42.4918 -87.6105
42.4918 -87.9783
42.4943 -88.3327
42.4968 -88.6872
42.4993 -89.0417
42.5018 -89.3962
42.5043 -89.7507
42.5068 -90.1052
42.5093 -90.4597
42.5997 -90.6873
42.6769 -90.9666
42.8709 -91.102
43.0904 -91.1678
43.3174 -91.111
43.4996 -91.2501
43.7402 -91.2458
43.933 -91.361
44.0656 -91.6377
44.1818 -91.9122
44.3357 -92.1026
44.4658 -92.2861
44.5893 -92.5847
44.7116 -92.793
44.9686 -92.772
45.1993 -92.7645
45.4083 -92.663
45.5698 -92.8397
45.8051 -92.772
45.9508 -92.5748
46.0281 -92.3633
46.2576 -92.2922
46.511 -92.2918
46.7148 -92.1879
46.7461 -91.9649
46.8125 -91.6953
46.9017 -91.4683
47.0201 -91.1629
47.1161 -90.9593
47.2121 -90.7558
47.3053 -90.4799
47.2971 -90.2187
47.2888 -89.9854
47.2861 -89.9855

39.7215 -80.3891
39.7215 -80.1287
39.7216 -79.8682
39.7217 -79.6077
39.2099 -79.4858
39.3095 -79.2746
39.4599 -79.1073
39.4741 -78.8776
39.5462 -78.6588
39.5516 -78.4331
39.6654 -78.2135
39.6179 -77.9918
39.4968 -77.7891
39.2439 -77.8066
39.2633 -78.0806
39.4054 -78.3063
39.207 -78.4194
39.0238 -78.5556
38.9301 -78.7659
38.8062 -78.9588
38.6518 -79.1357
38.4691 -79.2801
38.4666 -79.5043
38.4046 -79.7311
38.2131 -79.9166
38.0016 -80.0319
37.8533 -80.2069
37.6216 -80.2272
37.4543 -80.4462
37.4282 -80.6862
37.3258 -80.9483
37.2803 -81.213
37.2713 -81.4639
37.2122 -81.6816
37.3338 -81.8754
37.5387 -81.9839
37.6302 -82.1888
37.7718 -82.3992
37.9869 -82.479
38.1529 -82.6368
38.3724 -82.5938
38.4331 -82.3495
38.5953 -82.1775
38.8314 -82.1482
39.0221 -82.003
38.9361 -81.7836
39.1653 -81.7537
39.2877 -81.5623
39.351 -81.345
39.4423 -81.1258
39.5981 -80.8752
39.8206 -80.8281
40.0608 -80.7353
40.2633 -80.6202
40.5037 -80.6363
40.2408 -80.5198
40.0001 -80.5196
39.7215 -80.3891

39.8066 -75.4276
39.6492 -75.5952
39.4258 -75.5279
39.2246 -75.4048
38.9841 -75.3111
38.7944 -75.1304
38.5768 -75.202
38.4535 -75.3967
38.4556 -75.6303
38.6979 -75.718
38.9894 -75.7411
39.2816 -75.764
39.574 -75.7885
39.7823 -75.7022
39.8332 -75.4699
39.8066 -75.4276

38.8028 -77.0274

37.9928 -75.9898

38.1048 -76.0097

38.1534 -76.0332

38.2364 -76.1373

38.0247 -75.263
38.207 -75.1144
38.0247 -75.263

38.3535 -75.0788

39.2398 -76.3737

39.7217 -79.1313
39.7217 -78.9005
39.7217 -78.6697
39.7216 -78.4388
39.7216 -78.2081
39.7216 -77.9773
39.7216 -77.7465
39.7215 -77.5156
39.7215 -77.2849
39.7215 -77.054
39.7214 -76.8233
39.7214 -76.5924
39.7214 -76.3617
39.7213 -76.1309
39.7213 -75.9001
39.5001 -75.7707
39.2122 -75.7472
38.914 -75.7239
38.6213 -75.701
38.4556 -75.4747
38.4535 -75.2409
38.2409 -75.1639
38.1116 -75.3502
38.0045 -75.548
37.9782 -75.7863
38.1555 -75.9285
38.374 -75.8434
38.2418 -76.0379
38.392 -76.2209
38.6118 -76.2774
38.5936 -76.0536
38.7509 -76.2339
38.9486 -76.3389
39.0601 -76.1334
39.2881 -76.1786
39.3622 -75.9315
39.5844 -75.856
39.5556 -76.083
39.3647 -76.2259
39.264 -76.4259
39.0378 -76.3942
38.8615 -76.539
38.6281 -76.5122
38.4123 -76.3961
38.4443 -76.6365
38.6794 -76.6841
38.4505 -76.6197
38.2931 -76.4323
38.0903 -76.328
38.1598 -76.5478
38.2276 -76.7776
38.3443 -76.9867
38.3643 -77.2319
38.5916 -77.1844
38.744 -77.0112
38.9961 -77.0791
39.0478 -77.3016
39.1372 -77.5148
39.321 -77.6644
39.5009 -77.8059
39.608 -78.0108
39.6933 -78.2432
39.59 -78.4547
39.5399 -78.6832
39.5217 -78.9375
39.4198 -79.1399
39.3028 -79.3395
39.7218 -79.3621
39.7217 -79.1313

39.4016 -74.3934

39.553 -74.2564
39.738 -74.1095
39.553 -74.2564

40.7985 -74.0063
40.6535 -74.1903
40.4453 -74.0323
40.1676 -74.0182
39.9331 -74.0674
39.7209 -74.166
39.5231 -74.2974
39.3471 -74.5028
39.2014 -74.7015
38.9876 -74.8361
39.1885 -74.9386
39.1986 -75.167
39.3441 -75.3406
39.478 -75.5413
39.6968 -75.4831
39.8432 -75.2683
39.9536 -75.0394
40.0909 -74.8378
40.314 -74.8955
40.454 -75.0716
40.6607 -75.194
40.8477 -75.0677
41.086 -74.9824
41.273 -74.7907
41.3106 -74.501
41.1735 -74.204
41.0365 -73.9071
40.7985 -74.0063

40.6168 -73.5741
40.6403 -73.3394
40.6168 -73.5741

40.634 -74.0719
40.4994 -74.2508
40.6495 -74.0767
40.634 -74.0719

40.6443 -73.2458
40.682 -73.0139
40.7477 -72.7792
40.6882 -73.041
40.6443 -73.2458

40.704 -74.0169

41.0585 -72.2824

41.0948 -72.0851

41.1354 -72.2602
40.9932 -72.4377
41.0441 -72.2138
41.0496 -71.9757
40.9553 -72.2199
40.8621 -72.4413
40.8013 -72.7044
40.7583 -72.9263
40.7052 -73.158
40.6624 -73.4022
40.638 -73.6272
40.5837 -73.8971
40.7974 -73.779
40.8996 -73.5653
40.9309 -73.3259
40.9735 -73.0987
40.9633 -72.8301
40.9836 -72.6061
41.0898 -72.383
41.1354 -72.2602

41.2736 -71.9883

45.0101 -74.7416
44.9985 -74.4964
45 -74.1971
45.0014 -73.8979
45.0029 -73.5987
45.0044 -73.3513
44.7809 -73.3406
44.552 -73.3102
44.3038 -73.3171
44.0804 -73.4362
43.8544 -73.3866
43.6285 -73.425
43.4696 -73.2505
43.2023 -73.2586
42.977 -73.2644
42.7461 -73.2655
42.495 -73.3831
42.2783 -73.4615
42.0545 -73.4844
41.8231 -73.504
41.5917 -73.5235
41.3602 -73.543
41.1574 -73.6648
40.947 -73.7644
41.1533 -73.8859
41.0365 -74.105
41.1735 -74.402
41.3106 -74.699
41.4445 -74.8863
41.596 -75.061
41.8281 -75.0917
41.948 -75.2842
41.9975 -75.5095
41.9976 -75.7815
41.9978 -76.0536
41.9979 -76.3257
41.9981 -76.5977
41.9982 -76.8698
41.9984 -77.1419
41.9985 -77.4139
41.9987 -77.686
41.9988 -77.9581
41.999 -78.2301
41.9991 -78.5022
41.9993 -78.7743
41.9994 -79.0464
41.9996 -79.3184
41.9998 -79.5905
42.1503 -79.763
42.4025 -79.763
42.584 -79.4796
42.6933 -79.1728
42.8027 -78.9631
43.0345 -79.022
43.2604 -79.0584
43.4989 -78.9462
43.6171 -78.6881
43.6318 -78.4573
43.631 -78.2265
43.6302 -77.9957
43.6294 -77.7648
43.6287 -77.534
43.6279 -77.3032
43.6271 -77.0724
43.6263 -76.8415
43.8099 -76.6259
44.0294 -76.4546
44.1851 -76.2066
44.348 -75.8987
44.5276 -75.6997
44.6615 -75.456
44.8167 -75.2702
44.9355 -75.0587
45.0101 -74.7416

41.9999 -79.7266
41.9998 -79.4545
41.9997 -79.1824
41.9995 -78.9103
41.9994 -78.6383
41.9992 -78.3662
41.9991 -78.0941
41.9989 -77.822
41.9988 -77.55
41.9986 -77.2779
41.9984 -77.0058
41.9983 -76.7338
41.9981 -76.4617
41.998 -76.1896
41.9978 -75.9175
41.9976 -75.6455
41.9975 -75.3735
41.8729 -75.1774
41.6673 -75.0639
41.4869 -74.9226
41.3977 -74.7045
41.2248 -74.8863
41.0468 -75.0457
40.814 -75.1054
40.5982 -75.1822
40.4152 -75.0137
40.2713 -74.818
40.0779 -74.9358
39.9561 -75.1387
39.8717 -75.3589
39.8386 -75.6013
39.7213 -75.9001
39.7213 -76.1309
39.7213 -76.3617
39.7214 -76.5924
39.7214 -76.8233
39.7214 -77.054
39.7215 -77.2849
39.7215 -77.5156
39.7215 -77.7465
39.7216 -77.9773
39.7216 -78.2081
39.7216 -78.4388
39.7216 -78.6697
39.7217 -78.9005
39.7217 -79.1313
39.7217 -79.3621
39.7218 -79.6077
39.7217 -79.8682
39.7216 -80.1287
39.7215 -80.3891
39.9304 -80.5197
40.1606 -80.5199
40.4014 -80.5201
40.6422 -80.5202
40.9613 -80.5202
41.2758 -80.5202
41.5903 -80.5202
41.9049 -80.5202
42.2194 -80.5202
42.3458 -80.2466
42.4202 -79.9398
42.2668 -79.763
42.0337 -79.7629
41.9999 -79.7266

42.984 -70.6084

43.7605 -69.3216

43.7904 -69.6641

43.8555 -68.901

43.9089 -69.444

43.8595 -69.7148

43.9792 -69.3893

44.0183 -68.6562

44.0375 -68.8155

44.1147 -68.5039

44.1042 -68.3698

44.1381 -68.8516

44.1811 -68.4388

44.237 -68.2526

44.224 -68.6085

44.2761 -68.7044

44.2995 -68.901

44.3321 -68.4414

44.3243 -68.4844

44.3308 -68.9036

44.3086 -68.2408

44.461 -67.5846

44.6029 -67.3021

44.9098 -66.9896

44.8503 -66.9193

44.9363 -66.9857

47.2491 -68.9062
47.2452 -68.6688
47.3057 -68.4353
47.3606 -68.197
47.2452 -67.9932
47.0978 -67.8136
46.7668 -67.7974
46.4979 -67.7923
46.229 -67.7871
45.9601 -67.7828
45.7129 -67.8001
45.6201 -67.5519
45.387 -67.4346
45.1659 -67.3192
45.0869 -67.1003
44.8667 -67.1487
44.6442 -67.2244
44.6592 -67.4571
44.5275 -67.6387
44.5461 -67.869
44.3767 -68.0503
44.4935 -68.2593
44.4018 -68.4648
44.2373 -68.6335
44.4456 -68.7562
44.4319 -68.9866
44.1849 -69.0679
43.9914 -69.1825
44.0024 -69.4077
43.8349 -69.5613
44.0092 -69.7497
43.7759 -69.745
43.9975 -69.8021
43.7729 -69.7804
43.7518 -70.0089
43.7153 -70.2391
43.527 -70.3674
43.3426 -70.5087
43.1471 -70.6601
43.2523 -70.8667
43.4674 -70.9677
43.6993 -70.9717
43.9668 -70.9912
44.2344 -71.0108
44.502 -71.0303
44.7695 -71.0498
45.0371 -71.0693
45.3043 -71.0642
45.3012 -70.8353
45.508 -70.6868
45.6623 -70.5147
45.8251 -70.3127
46.0487 -70.293
46.2883 -70.2237
46.4454 -70.0501
46.7041 -69.99
46.9013 -69.7191
47.0808 -69.5385
47.2603 -69.3579
47.4529 -69.2373
47.2963 -69.0636
47.2491 -68.9062

46.4516 -84.4922
46.5016 -84.242
46.3142 -84.1141
46.116 -84.0088
46.1166 -83.7665
46.0908 -83.5088
45.8697 -83.5953
45.7285 -83.1993
45.5619 -82.7594
45.3718 -82.5483
45.0832 -82.436
44.6627 -82.3399
44.2422 -82.2437
43.8217 -82.1476
43.5764 -82.1536
43.3628 -82.2824
43.1136 -82.4111
42.8836 -82.468
42.6467 -82.5262
42.5191 -82.8001
42.3555 -83.0404
42.1159 -83.1595
41.8456 -83.4138
41.7291 -83.64
41.7228 -83.8895
41.7166 -84.1396
41.7073 -84.3886
41.7032 -84.6412
41.7583 -84.8739
41.7588 -85.1067
41.7589 -85.3394
41.759 -85.5722
41.7591 -85.8049
41.7592 -86.0377
41.7593 -86.2705
41.7594 -86.5032
41.7595 -86.736
41.7596 -86.9687
41.7597 -87.2015
42.0561 -87.1127
42.342 -87.0424
42.6271 -87.0483
42.8963 -87.0924
43.1172 -87.1317
43.4085 -87.1579
43.6645 -87.1144
43.9696 -87.0286
44.2791 -86.9288
44.5628 -86.8127
44.7685 -86.7146
44.9906 -86.5359
45.1608 -86.3144
45.3145 -86.4791
45.4091 -86.7105
45.4422 -87.0319
45.3228 -87.2443
45.133 -87.436
45.1208 -87.6704
45.3449 -87.6538
45.3648 -87.8795
45.576 -87.8027
45.7605 -87.9532
45.9246 -88.1232
45.9773 -88.3614
46.0182 -88.5862
46.0366 -88.8166
46.0925 -89.0392
46.1715 -89.301
46.212 -89.5354
46.2618 -89.7944
46.3185 -90.0502
46.486 -90.2173
46.6851 -90.3194
46.8998 -90.1802
47.1144 -90.0411
47.3304 -89.9003
47.5521 -89.7569
47.7738 -89.6134
47.9951 -89.4618
48.0212 -89.0953
48.1543 -88.7821
48.2566 -88.5789
48.3051 -88.3473
48.2249 -87.9721
48.0774 -87.5969
47.93 -87.2217
47.7825 -86.8466
47.6664 -86.6371
47.5819 -86.4276
47.4972 -86.2181
47.4127 -86.0086
47.3186 -85.7586
47.215 -85.5086
47.1114 -85.2586
47.0078 -85.0087
46.8612 -84.8354
46.6334 -84.6937
46.4612 -84.5413
46.4516 -84.4922

20.138 -155.586
20.0902 -155.332
19.9468 -155.116
19.7274 -155.057
19.567 -154.847
19.3392 -155.025
19.2556 -155.245
19.1699 -155.488
18.9555 -155.633
19.0132 -155.859
19.3342 -155.887
19.5566 -155.971
19.7831 -156.017
19.9513 -155.851
20.1841 -155.899
20.1961 -155.673
20.138 -155.586

20.5318 -156.545

20.7347 -156.962

21.0277 -156.581
20.9215 -156.378
20.8628 -156.153
20.6509 -156.075
20.5886 -156.303
20.7648 -156.464
20.8477 -156.685
21.0277 -156.581

21.2217 -157.233
21.1846 -156.99
21.1772 -156.759
21.0645 -157.025
21.0868 -157.251
21.2217 -157.233

21.5984 -157.888
21.4196 -157.739
21.3056 -157.947
21.3947 -158.176
21.6039 -158.095
21.5984 -157.888

21.7839 -160.211
22.0002 -160.114
21.7839 -160.211

22.2288 -159.374
22.0041 -159.331
21.8863 -159.53
21.9699 -159.743
22.1695 -159.639
22.2208 -159.419
22.2288 -159.374

23.0399 -161.948

23.0552 -161.926

23.5793 -164.699

23.6387 -166.174

23.7267 -166.168

23.7301 -166.168

23.7322 -166.168

23.7662 -166.265

23.7829 -166.21

23.7907 -166.204

23.8026 -166.233

23.8227 -166.228

23.8241 -166.232

23.85 -166.327

23.8577 -166.22

23.8623 -166.224

23.8677 -166.244

23.869 -166.287

23.8699 -166.249

23.8725 -166.254

25.0043 -167.997

25.773 -171.729

26.0596 -173.96

27.7631 -175.899

27.7726 -175.943

27.7764 -175.946

27.7796 -175.812

27.7821 -175.839

27.7831 -175.837

27.784 -175.86

27.9111 -175.736

28.3874 -178.303

51.2864 -179.069

51.3124 -178.987

51.4838 -178.286

51.5743 -178.818

51.5728 -179.038

51.5874 -178.582

51.5902 -178.64

51.6397 178.787
51.5723 179.006
51.4631 179.228
51.4084 179.459
51.3538 179.236
51.4676 179.041
51.5714 178.838
51.6397 178.787

51.8318 178.237

51.7523 -178.808

51.8367 -176.354

51.8469 -176.112

51.892 -175.991

51.8519 -177.841
51.6309 -177.896
51.7914 -178.062
51.867 -177.845
51.8519 -177.841

51.8909 -177.457

51.7307 -177.157
51.7239 -177.385
51.7027 -177.63
51.7548 -177.388
51.8786 -177.196
51.7307 -177.157

51.9557 -175.796

51.9494 -176.125

51.9739 -175.678

51.9818 -175.454

51.9604 -176.56
51.7781 -176.43
51.692 -176.642
51.72 -176.896
51.8572 -176.706
51.9604 -176.56

51.9944 -175.868

51.8967 178.517

51.8772 179.642

52.0329 -175.986

51.9889 177.564
51.8961 177.334
52.0348 177.556
51.9889 177.564

52.152 -173.575
52.1052 -173.353
52.1112 -173.123
52.0635 -173.377
52.0485 -173.682
52.0565 -173.922
52.1308 -173.699
52.152 -173.575

52.173 -175.505

52.3441 175.929

52.296 -172.413
52.2482 -172.633
52.3712 -172.441
52.296 -172.413

52.3997 -174.102
52.1719 -174.118
52.1234 -174.339
52.0614 -174.559
52.017 -174.783
52.0183 -175.035
52.0043 -175.324
52.0299 -175.076
52.0889 -174.855
52.1043 -174.602
52.2128 -174.387
52.3884 -174.242
52.3997 -174.102

52.5015 173.731
52.3968 173.501
52.5004 173.737
52.5015 173.731

52.4631 -171.277

52.5642 -171.117

52.6114 -170.622
52.5493 -170.847
52.697 -170.67
52.6114 -170.622

52.7209 174.182

52.7274 -170.18

52.7747 -169.238

52.8925 -169.768
52.7895 -169.97
52.8925 -169.768

52.8646 -170.056

52.9882 -168.451

53.0012 172.911
52.9949 173.143
52.8593 173.352
52.7883 173.132
52.7498 172.907
52.8771 172.708
52.9201 172.476
53.0086 172.731
53.0012 172.911

52.9465 -169.742

53.5703 -167.96
53.3444 -167.988
53.265 -168.226
53.1247 -168.412
53.0189 -168.626
52.9196 -168.832
52.8373 -169.111
52.9443 -168.91
53.1383 -168.789
53.2742 -168.606
53.258 -168.379
53.4738 -168.315
53.5517 -168.093
53.5703 -167.96

53.8447 -166.099

53.9248 -168.031

53.956 -166.154

53.975 -166.731
53.8393 -166.489
53.9661 -166.277
53.8048 -166.522
53.7304 -166.294
53.6461 -166.547
53.5082 -166.73
53.4638 -166.953
53.4159 -167.212
53.3406 -167.439
53.2602 -167.665
53.4141 -167.499
53.476 -167.226
53.5178 -166.98
53.6529 -166.802
53.767 -167.011
53.975 -166.916
53.975 -166.731

54.036 -165.547

54.0777 -165.247
54.0739 -165.486
54.0911 -165.26
54.0777 -165.247

54.1252 -164.933
54.0775 -165.207
54.1236 -164.981
54.1252 -164.933

54.1744 -165.854
54.0459 -166.041
54.2158 -165.88
54.1744 -165.854

54.2126 -164.773

54.2702 -165.53

54.364 -162.476

54.3906 -162.402

54.4256 -162.832

54.4548 -162.615
54.4235 -162.841
54.4668 -162.621
54.4548 -162.615

54.645 -162.367

54.7595 -159.547

54.7825 -133.522

54.9018 -162.879

54.9203 -132.726

54.9408 -159.269

54.852 -162.309

54.9746 -131.238
54.9203 -131.468
54.9969 -131.236
54.9746 -131.238

54.9878 -161.88

55.0604 -163.682
54.9849 -163.461
54.7769 -163.329
54.7148 -163.1
54.7148 -163.348
54.6353 -163.623
54.6379 -164.133
54.5348 -164.334
54.4138 -164.573
54.392 -164.802
54.5587 -164.958
54.6345 -164.739
54.837 -164.558
54.9228 -164.336
54.9654 -164.051
55.0364 -163.824
55.0604 -163.682

55.0373 -159.363

55.051 -161.938

55.0686 -163.431

55.0483 -131.216

55.0599 -161.589

55.1605 -161.73

55.1731 -132.742

55.2215 -161.34

55.1195 -159.523

55.1838 -133.065
54.9954 -132.942
54.8369 -132.771
54.8315 -132.999
54.9975 -133.153
55.2222 -133.182
55.1838 -133.065

55.2079 -161.574

55.1226 -131.356
55.0147 -131.572
55.2534 -131.573
55.1637 -131.358
55.1226 -131.356

55.2219 -159.904
55.0453 -160.046
54.8738 -160.223
55.0825 -160.134
55.2097 -159.943
55.2219 -159.904

55.2559 -162.977

55.3179 -133.292

55.3137 -160.04

55.3523 -160.325

55.3078 -160.679
55.1946 -160.486
55.2014 -160.717
55.3078 -160.679

55.3461 -162.881

55.4138 -131.697
55.1775 -131.727
55.3574 -131.867
55.4138 -131.697

55.4243 -133.542

55.4035 -163.152

55.4138 -133.274

55.4499 -160.234

55.4295 -133.511

55.4645 -133.347

55.5423 -133.612

55.7679 -159.302

55.8117 -133.573
55.7878 -133.34
55.6949 -133.579
55.8117 -133.573

55.8632 -158.73

55.8663 -133.254

55.783 -155.597

55.9208 -134.258

55.8664 -133.872

55.9116 -160.809

55.9449 -131.18
55.7666 -131.023
55.5346 -130.977
55.3113 -131.056
55.2009 -131.272
55.4302 -131.271
55.6456 -131.363
55.4175 -131.35
55.2994 -131.552
55.4001 -131.787
55.5571 -131.62
55.7677 -131.513
55.9372 -131.324
55.9449 -131.18

56.0207 -160.928

56.0291 -160.811

56.0415 -156.68

56.1605 -133.343
56.0102 -133.511
55.9028 -133.723
56.0785 -133.542
56.1605 -133.343

56.1532 -156.792

56.1946 -132.458
56.1884 -132.223
55.9703 -132.123
55.9182 -132.345
56.0648 -132.559
56.2938 -132.548
56.1946 -132.458

56.3529 -133.439
56.3274 -133.214
56.1878 -133.035
56.0255 -132.876
55.9421 -132.633
55.7768 -132.473
55.6055 -132.297
55.6037 -132.524
55.473 -132.303
55.325 -132.133
55.1195 -131.99
55.0161 -132.209
55.0345 -131.963
54.803 -131.949
54.7012 -132.15
54.8034 -132.36
55.0234 -132.403
55.0643 -132.627
55.2051 -132.808
55.2141 -133.035
55.322 -133.246
55.3523 -133.018
55.57 -133.073
55.5848 -133.357
55.7601 -133.214
55.9966 -133.246
56.1726 -133.425
56.2641 -133.634
56.3529 -133.439

56.3175 -157.833

56.4422 -132.633
56.2517 -132.82
56.3119 -133.039
56.4553 -132.858
56.4422 -132.633

56.352 -132.124
56.2331 -131.928
56.1581 -132.145
56.2578 -132.353
56.4885 -132.362
56.3671 -132.152
56.352 -132.124

56.5352 -153.928

56.5822 -157.045
56.5302 -157.309
56.594 -157.061
56.5822 -157.045

56.6054 -154.425
56.4832 -154.671
56.6055 -154.461
56.6054 -154.425

56.6061 -154.077
56.5036 -154.28
56.6132 -154.083
56.6061 -154.077

56.6203 -169.608

56.6722 -159.438

56.6949 -159.364

56.7092 -154.025

56.8012 -132.871
56.6921 -132.671
56.4991 -132.792
56.6887 -132.924
56.8012 -132.871

56.9267 -158.722

56.8656 -133.991
56.6392 -133.964
56.777 -133.768
56.5651 -133.852
56.3376 -133.854
56.1195 -133.941
56.3188 -134.069
56.0922 -134.092
56.2463 -134.265
56.4058 -134.104
56.5634 -134.276
56.7569 -134.391
56.89 -134.183
56.8656 -133.991

57.0768 -133.672
57.0246 -133.413
56.9964 -133.109
56.8084 -132.979
56.6606 -133.186
56.8344 -133.346
56.6341 -133.235
56.5036 -133.436
56.4422 -133.659
56.675 -133.702
56.873 -133.836
57.0176 -134.018
57.09 -133.765
57.0768 -133.672

57.175 -153.212
57.1684 -152.979
57.0971 -153.194
57.175 -153.212

57.2246 -170.145
57.1474 -170.366
57.2163 -170.147
57.2246 -170.145

57.2412 -135.554
57.0102 -135.642
57.1657 -135.81
57.3289 -135.615
57.2412 -135.554

57.3573 -156.287

57.3632 -152.315

57.4511 -153.844

57.449 -135.396
57.4807 -135.142
57.3978 -134.909
57.1975 -134.808
56.9768 -134.731
56.7653 -134.633
56.5378 -134.626
56.3093 -134.663
56.3296 -134.888
56.509 -135.036
56.6461 -134.847
56.6061 -135.093
56.832 -135.174
56.9383 -135.375
57.0135 -135.164
57.0927 -135.378
57.243 -135.578
57.4595 -135.505
57.5384 -135.279
57.449 -135.396

57.9643 -152.424

57.8878 -153.229
57.8638 -153.522
57.9266 -153.28
57.8878 -153.229

57.9301 -152.786

57.9291 -152.993
57.7287 -152.874
57.8757 -152.685
57.9003 -152.461
57.672 -152.486
57.634 -152.161
57.4654 -152.33
57.4441 -152.554
57.5111 -152.802
57.4824 -153.028
57.4763 -152.801
57.3819 -152.596
57.2916 -152.817
57.3422 -153.057
57.2265 -153.253
57.1254 -153.455
57.079 -153.711
56.8599 -153.768
56.7482 -153.987
56.9304 -153.81
57.1542 -153.816
57.0393 -154.05
57.1548 -154.299
56.977 -154.158
56.9297 -154.389
57.112 -154.531
57.2775 -154.685
57.496 -154.635
57.5767 -154.399
57.6718 -154.169
57.5371 -153.975
57.3773 -153.778
57.6286 -153.885
57.6418 -153.641
57.6932 -153.876
57.8947 -153.724
57.7383 -153.547
57.7139 -153.321
57.9018 -153.187
57.9291 -152.993

58.0146 -136.337
57.9213 -136.553
58.0725 -136.362
58.0146 -136.337

58.0988 -153.182
58.0312 -152.891
58.0072 -153.116
58.0523 -153.34
58.0988 -153.182

58.1752 -151.869

58.2297 -135.689
58.0132 -135.621
58.1289 -135.408
58.0954 -135.187
58.0504 -134.925
57.8511 -135.047
57.796 -135.421
57.8914 -135.696
57.8348 -135.403
57.7111 -135.214
57.7465 -134.983
57.571 -134.841
57.4605 -135.057
57.5193 -135.321
57.6483 -135.554
57.7597 -135.813
57.6179 -135.622
57.3911 -135.642
57.425 -135.896
57.5769 -136.074
57.7483 -136.226
57.9356 -136.366
57.9024 -136.059
57.9823 -136.297
58.2199 -136.3
58.0671 -136.101
58.2168 -135.923
58.2297 -135.689

58.2678 -136.112

58.3352 -152.858

58.2714 -134.279
58.2258 -134.512
58.2714 -134.279

58.3348 -135.592

58.3735 -134.904
58.2352 -134.718
58.1818 -134.474
58.1481 -134.186
57.9639 -134.002
57.758 -133.891
57.8459 -134.104
58.0407 -134.23
57.8399 -134.057
57.6328 -133.951
57.4053 -133.878
57.3261 -134.094
57.173 -134.286
57.0391 -134.485
57.2108 -134.633
57.4031 -134.508
57.58 -134.654
57.8125 -134.714
58.0197 -134.8
58.2307 -134.89
58.3735 -134.904

58.4685 -152.603
58.3632 -152.402
58.3539 -152.152
58.1894 -152.324
58.1096 -152.548
58.0634 -152.767
58.0149 -153.014
58.1311 -153.23
58.192 -153.014
58.2879 -152.803
58.4753 -152.651
58.4685 -152.603

58.5982 -159.98

58.4805 -152.502

58.6381 -160.277

58.6818 -160.426

58.6546 -160.845
58.5581 -161.054
58.7376 -160.91
58.8133 -160.688
58.6546 -160.845

58.8281 -160.185

58.9453 -152.013

58.9594 -152.253

59.1039 -151.663

59.1173 -151.439

59.1531 -151.801

59.3139 -150.732

59.3386 -153.499

59.4114 -146.359

59.4492 -150.304

59.8178 -144.605
59.9373 -144.393
59.8178 -144.605

60.0327 -148.081

59.9943 -144.373

59.9591 -148.036
60.0808 -147.847
59.9591 -148.036

60.1295 -147.953
60.0041 -148.141
60.1527 -147.966
60.1295 -147.953

60.1083 -152.58

60.135 -148.087
60.0231 -148.286
60.1357 -148.088
60.135 -148.087

60.2257 -144.948

60.2214 -144.791

60.2438 -145.144

60.2473 -145.265

60.2296 -147.492

60.3072 -145.564

60.3565 -145.741

60.3741 -145.808

60.3567 -147.12
60.1331 -147.328
59.9675 -147.484
59.8193 -147.684
59.7831 -147.915
59.9435 -147.752
60.0087 -147.533
60.1706 -147.342
60.3271 -147.18
60.3567 -147.12

60.3083 -148.018

60.3824 -145.859

60.3244 -145.123

60.392 -166.092
60.3476 -165.81
60.1547 -165.678
59.951 -165.569
59.907 -165.865
59.8576 -166.123
59.8349 -166.406
59.8564 -166.63
59.9211 -167.021
60.0478 -167.241
60.1954 -167.453
60.2283 -167.158
60.2345 -166.874
60.3277 -166.637
60.3843 -166.39
60.3794 -166.152
60.392 -166.092

60.4686 -146.545
60.4097 -146.324
60.4022 -146.094
60.355 -146.334
60.3038 -146.554
60.4686 -146.545

60.5037 -147.683
60.2598 -147.739
60.4854 -147.773
60.5037 -147.683

60.3504 -152.062
60.5121 -151.904
60.3504 -152.062

60.3915 -172.503
60.3426 -172.226
60.3425 -172.474
60.3616 -172.711
60.4123 -173.004
60.478 -172.534
60.3915 -172.503

60.4797 -146.294
60.5394 -146.034
60.5956 -145.806
60.5089 -146.063
60.4797 -146.294

60.6239 -173.058

60.6963 -147.385

60.7288 -147.929

60.6629 -148.125

60.8145 -146.766

60.8997 -146.775

60.9083 -147.136

60.9304 -147.968

61.1272 -150.265

61.8767 -165.984

62.0257 -165.944

62.55 -164.931

62.5443 -164.885

62.6132 -165.017

62.6083 -164.905

62.6424 -164.852

63.0463 -164.584

63.0463 -164.383

63.0834 -164.625

63.0434 -169.777

63.3734 -169.441

63.3014 -170.296
63.3251 -170.708
63.3952 -170.485
63.3014 -170.296

63.4387 -170.784
63.4312 -171.059
63.4387 -170.784

63.6025 -171.075

63.6118 -171.09

63.623 -162.341
63.5485 -162.615
63.6422 -162.409
63.623 -162.341

63.7963 -171.652
63.6935 -171.447
63.6367 -171.159
63.582 -170.937
63.6509 -170.663
63.7041 -170.441
63.6714 -170.188
63.4914 -170.051
63.4581 -169.756
63.3629 -169.522
63.3631 -169.291
63.3061 -169.07
63.3371 -168.715
63.1628 -168.952
63.1881 -169.284
63.1132 -169.505
62.9484 -169.666
63.1268 -169.867
63.1882 -170.085
63.2891 -170.33
63.3592 -170.596
63.4298 -170.822
63.4604 -171.084
63.3834 -171.295
63.3198 -171.557
63.3903 -171.821
63.6199 -171.8
63.7963 -171.652

64.4743 -166.217

64.9589 -168.079

65.7476 -168.91

65.7386 -167.843

65.782 -167.66

65.9127 -167.226
65.9179 -166.87
65.9747 -167.109
65.9127 -167.226

66.0678 -166.801
66.0712 -166.322
66.1325 -166.547
66.0678 -166.801

66.2258 -166.147

66.2645 -166.01

66.3986 -165.601

66.4213 -165.489

66.4257 -165.423

66.4404 -165.343

66.4443 -165.321
66.4406 -165.042
66.4935 -164.763
66.5048 -165.063
66.4443 -165.321

69.5633 -163.176

69.7059 -141.385
69.7664 -141.645
69.8151 -141.898
69.8219 -141.529
69.7059 -141.385

69.7314 -163.129
69.8558 -162.841
69.8016 -163.095
69.7314 -163.129

69.9781 -162.806
70.0828 -162.56
69.9781 -162.806

70.1137 -162.56
70.1732 -162.309
70.1408 -162.539
70.1137 -162.56

70.3539 -161.551
70.326 -161.838
70.3539 -161.551

70.5533 -148.995
70.5369 -149.254
70.5533 -148.995

71.4065 -156.398
71.2692 -156.141
71.2062 -155.916
71.2088 -155.625
71.0111 -155.745
70.9831 -156.072
70.7797 -155.978
70.836 -155.751
70.9046 -155.536
71.0111 -155.332
71.1198 -155.124
71.1072 -154.894
71.0551 -154.631
70.8963 -154.81
70.8323 -154.59
70.8397 -154.309
70.7913 -154.042
70.8984 -153.514
70.9287 -153.256
70.9143 -152.956
70.8435 -152.715
70.8875 -152.328
70.7094 -152.478
70.626 -152.253
70.5817 -152.517
70.5559 -151.969
70.5667 -151.733
70.4805 -151.98
70.4487 -151.736
70.4356 -151.454
70.3793 -151.222
70.4487 -150.979
70.4722 -150.745
70.5107 -150.513
70.4161 -150.253
70.4429 -149.89
70.5107 -149.567
70.5101 -149.045
70.4418 -148.826
70.3997 -148.587
70.3125 -148.341
70.3564 -148.119
70.3014 -147.888
70.2122 -147.416
70.175 -147.124
70.1675 -146.881
70.1923 -146.433
70.186 -146.083
70.175 -145.84
70.0986 -145.613
70.0482 -145.369
70.0031 -144.942
69.9865 -144.706
70.02 -144.386
70.0436 -144.155
70.0788 -143.931
70.106 -143.694
70.0967 -143.358
70.0937 -143.134
70.0788 -142.88
70.074 -142.651
69.9538 -142.438
69.856 -142.107
69.8088 -141.837
69.7622 -141.574
69.6504 -141.291
69.6945 -141.015
69.3594 -141.005
69.0678 -141.005
68.7763 -141.005
68.4847 -141.005
68.1932 -141.005
67.9016 -141.005
67.6101 -141.005
67.3185 -141.004
67.0269 -141.004
66.7354 -141.004
66.4438 -141.004
66.1523 -141.004
65.8607 -141.004
65.5692 -141.004
65.2776 -141.003
64.986 -141.003
64.6945 -141.003
64.4029 -141.003
64.1113 -141.003
63.8198 -141.003
63.5283 -141.003
63.2367 -141.003
62.9451 -141.002
62.6536 -141.002
62.362 -141.002
62.0704 -141.002
61.7789 -141.002
61.4873 -141.002
61.1958 -141.002
60.9042 -141.001
60.6127 -141.001
60.3211 -140.995
60.2837 -140.768
60.2405 -140.534
60.2675 -140.169
60.1884 -139.917
60.309 -139.68
60.3367 -139.414
60.3428 -139.102
60.1002 -139.182
59.9772 -138.842
59.8055 -138.637
59.6964 -138.364
59.556 -138.068
59.3952 -137.758
59.2393 -137.594
58.9919 -137.508
58.9555 -137.282
59.0271 -137.062
59.1111 -136.841
59.1508 -136.613
59.3845 -136.468
59.4864 -136.245
59.6368 -136.027
59.6933 -135.641
59.7897 -135.404
59.6753 -135.192
59.4932 -135.023
59.281 -134.932
59.2451 -134.706
59.1231 -134.509
58.9689 -134.33
58.8427 -134.109
58.7699 -133.871
58.5994 -133.626
58.4622 -133.392
58.2103 -133.166
58.0079 -132.993
57.7916 -132.709
57.5793 -132.552
57.421 -132.362
57.1968 -132.276
57.0503 -132.032
56.8588 -131.872
56.6034 -131.826
56.5851 -131.586
56.5602 -131.346
56.4526 -131.101
56.3871 -130.839
56.2619 -130.602
56.1297 -130.404
56.09 -130.117
55.8253 -130.137
55.5851 -130.149
55.3666 -130.05
55.1633 -130.16
54.9832 -130.294
54.8442 -130.58
54.8039 -130.807
54.9681 -130.974
55.0768 -130.763
55.2233 -130.473
55.1804 -130.694
55.1053 -130.971
55.2903 -130.632
55.3044 -130.862
55.5341 -130.866
55.7469 -130.95
55.8885 -131.134
56.1126 -131.063
56.0146 -131.29
55.9897 -131.564
55.8851 -131.786
55.6679 -131.848
55.5168 -132.135
55.7154 -132.244
55.8629 -132.05
56.0717 -131.963
56.196 -131.698
56.2327 -131.959
56.3737 -132.144
56.4985 -132.337
56.6277 -132.54
56.8089 -132.401
56.7581 -132.673
56.9132 -132.857
57.0478 -133.042
57.175 -133.236
57.1511 -133.476
57.2845 -133.255
57.3468 -133.038
57.3204 -133.272
57.4318 -133.47
57.5793 -133.649
57.6721 -133.442
57.6681 -133.21
57.5127 -133.046
57.6271 -133.239
57.7194 -133.469
57.8848 -133.313
57.8947 -133.554
57.845 -133.803
58.0622 -133.749
58.0091 -133.97
58.2082 -134.075
58.4124 -133.973
58.5185 -133.772
58.4499 -133.987
58.2478 -134.104
58.2143 -134.441
58.3655 -134.611
58.4931 -134.8
58.6589 -134.991
58.8339 -135.149
59.0666 -135.223
59.2708 -135.368
59.0378 -135.375
58.8352 -135.231
58.5898 -135.168
58.3515 -135.054
58.2189 -135.31
58.4221 -135.455
58.4067 -135.887
58.6813 -135.955
58.8633 -135.759
58.892 -136.014
58.7683 -136.21
58.8332 -136.426
58.9157 -136.639
58.9618 -136.876
58.8741 -137.085
58.8924 -136.842
58.8384 -136.609
58.6735 -136.438
58.6602 -136.183
58.4665 -136.061
58.3224 -136.273
58.4169 -136.482
58.223 -136.633
58.319 -136.849
58.4072 -137.068
58.4564 -137.3
58.5544 -137.519
58.6863 -137.87
58.8881 -137.984
59.0256 -138.251
59.1112 -138.559
59.1911 -138.77
59.2748 -139.206
59.3749 -139.408
59.457 -139.857
59.5947 -139.669
59.7044 -139.473
59.8903 -139.613
59.965 -139.371
59.7381 -139.342
59.8508 -139.036
59.8783 -139.321
60.0224 -139.507
59.9218 -139.735
59.8194 -139.958
59.7399 -140.254
59.7012 -140.501
59.7185 -140.763
59.7456 -141.01
59.8095 -141.274
60.0441 -141.292
60.009 -141.614
59.9631 -141.894
60.0353 -142.198
60.0677 -142.487
60.1024 -142.798
60.0925 -143.196
60.0677 -143.464
60.0495 -143.749
59.997 -144.042
60.1452 -144.219
60.1837 -144.449
60.2154 -144.688
60.293 -144.905
60.4912 -144.798
60.6601 -144.633
60.6353 -144.856
60.5106 -145.072
60.3681 -145.27
60.4033 -145.499
60.4582 -145.732
60.6527 -145.62
60.6567 -145.845
60.6731 -146.198
60.722 -146.417
60.7014 -146.644
60.7728 -146.427
60.8109 -146.195
60.8479 -146.511
60.9161 -146.73
61.0738 -146.557
61.0859 -146.284
61.1342 -146.586
61.0649 -146.816
60.9458 -147.005
61.0134 -147.254
61.0005 -147.494
60.8583 -147.682
60.8559 -147.909
61.0943 -147.884
61.2559 -147.713
61.1601 -147.964
61.1147 -148.196
61.0161 -148.408
61.071 -148.178
60.8802 -148.306
60.8404 -148.586
60.7642 -148.371
60.5406 -148.361
60.56 -148.599
60.5225 -148.368
60.5578 -148.141
60.4689 -147.936
60.3995 -148.156
60.2589 -148.339
60.2345 -148.106
60.164 -148.323
59.9593 -148.451
59.9558 -148.68
59.946 -148.926
60.0581 -149.135
59.8773 -149.286
60.091 -149.363
59.9373 -149.527
59.8909 -149.749
59.6672 -149.757
59.779 -149.963
59.5947 -150.11
59.4929 -150.326
59.6955 -150.224
59.5767 -150.424
59.5644 -150.657
59.3749 -150.788
59.2037 -150.997
59.301 -151.229
59.2591 -151.501
59.163 -151.742
59.2615 -151.945
59.4438 -151.748
59.4859 -151.468
59.5847 -151.259
59.7207 -151.075
59.7449 -151.381
59.6118 -151.747
59.82 -151.842
60.0249 -151.706
60.0417 -151.465
60.2524 -151.391
60.4879 -151.281
60.6789 -151.412
60.7753 -151.071
60.81 -150.763
60.9785 -150.453
60.9404 -150.225
60.9168 -149.978
60.9782 -149.753
60.9372 -149.526
60.9199 -149.126
60.9303 -149.358
60.9886 -149.618
61.0734 -149.909
61.2825 -149.811
61.409 -149.32
61.5132 -149.649
61.4142 -149.862
61.2463 -150.281
61.2617 -150.542
61.254 -150.892
61.1633 -151.128
61.0329 -151.324
61.0086 -151.567
60.8981 -151.795
60.7253 -151.964
60.5976 -152.171
60.396 -152.368
60.2657 -152.596
60.2351 -152.85
60.3096 -153.083
60.2274 -152.863
60.1291 -152.658
59.9156 -152.738
59.8796 -153.021
59.8625 -153.262
59.8336 -153.014
59.664 -153.2
59.6505 -153.425
59.6483 -153.696
59.4403 -153.78
59.4023 -154.028
59.2082 -154.146
59.0839 -153.895
59.0637 -153.669
58.9914 -153.427
58.7611 -153.425
58.6444 -153.633
58.614 -153.864
58.4961 -154.082
58.3366 -154.243
58.133 -154.337
58.0878 -154.577
58.0051 -154.789
58.0312 -155.023
57.8731 -155.255
57.7296 -155.433
57.6658 -155.703
57.5589 -155.904
57.4302 -156.113
57.4249 -156.339
57.3331 -156.545
57.1937 -156.358
57.0458 -156.543
57.0428 -156.776
56.9111 -156.996
56.7911 -157.189
56.8632 -157.42
56.7166 -157.599
56.6781 -157.838
56.593 -158.049
56.4621 -158.249
56.4143 -158.471
56.3119 -158.259
56.1472 -158.414
56.195 -158.64
55.9709 -158.668
56.0129 -158.888
55.926 -159.099
55.8793 -159.319
55.8965 -159.545
55.665 -159.555
55.8438 -159.83
55.7928 -160.052
55.6571 -160.239
55.5768 -160.456
55.552 -160.683
55.5236 -160.925
55.4084 -161.279
55.361 -161.507
55.5722 -161.368
55.5256 -161.145
55.6004 -161.365
55.6387 -161.621
55.4243 -161.709
55.2896 -161.895
55.0932 -162.033
55.027 -162.261
55.049 -162.493
55.267 -162.601
54.9612 -162.585
54.9359 -162.85
55.085 -163.041
54.8819 -163.2
55.074 -163.319
55.181 -163.025
55.2667 -162.8
55.3515 -162.588
55.4587 -162.227
55.6979 -162.149
55.7737 -161.913
55.896 -161.689
55.9349 -161.458
55.9763 -161.155
55.9903 -160.874
55.7392 -160.799
55.8623 -160.512
55.7794 -160.289
55.8663 -160.521
56.0967 -160.463
56.2768 -160.237
56.3869 -160.017
56.5405 -159.746
56.5793 -159.483
56.6921 -159.231
56.8151 -158.991
56.7775 -158.757
57.007 -158.682
57.101 -158.312
57.3229 -158.183
57.4462 -157.961
57.5561 -157.758
57.4836 -157.509
57.6181 -157.69
57.8782 -157.637
58.1052 -157.591
58.1995 -157.384
58.1751 -157.155
58.2392 -157.38
58.4637 -157.458
58.6203 -157.134
58.7375 -156.941
58.9634 -156.922
59.1387 -156.783
58.9875 -156.992
58.8773 -157.254
58.803 -157.475
58.7362 -157.814
58.6475 -158.154
58.7446 -158.38
58.9488 -158.477
59.0386 -158.173
58.8741 -158.017
59.0362 -158.234
59.087 -158.473
58.9332 -158.644
58.7698 -158.797
58.5246 -158.77
58.3981 -159.015
58.5188 -159.209
58.6723 -159.385
58.8443 -159.551
58.8314 -159.777
58.8741 -160.018
58.8908 -160.246
59.0707 -160.402
59.0019 -160.667
58.8125 -160.827
58.8425 -161.076
58.8201 -161.3
58.6596 -161.488
58.5693 -161.708
58.6319 -161.937
58.6339 -162.176
58.6748 -161.954
58.7574 -161.717
58.9745 -161.8
59.0855 -161.605
59.1158 -161.841
59.2301 -162.043
59.3955 -161.883
59.6281 -161.867
59.8111 -162.082
60.0082 -162.21
60.2325 -162.157
60.1394 -162.367
60.4002 -162.319
60.5889 -162.192
60.651 -161.967
60.7325 -162.183
60.5332 -162.366
60.3613 -162.513
60.1368 -162.498
59.9814 -162.7
59.9426 -163.088
59.8591 -163.316
59.8303 -163.615
59.8008 -163.877
59.8337 -164.129
60.0343 -164.348
60.1906 -164.564
60.2871 -164.784
60.3414 -165.006
60.5545 -165.16
60.5121 -165.384
60.6254 -165.171
60.787 -165.015
60.8714 -164.781
60.8189 -164.465
60.7421 -164.252
60.5804 -164.416
60.658 -164.163
60.7763 -163.956
60.5939 -163.794
60.6015 -163.464
60.81 -163.862
60.8684 -163.578
60.9997 -163.769
60.8682 -164.007
60.8671 -164.364
60.8576 -164.593
60.9025 -164.815
60.9168 -165.081
61.0838 -164.927
61.1066 -165.175
61.3268 -165.219
61.4517 -165.006
61.5286 -164.787
61.5035 -165.016
61.383 -165.206
61.2458 -165.39
61.0939 -165.582
61.2884 -165.699
61.3366 -165.921
61.561 -165.924
61.5161 -166.195
61.6571 -165.782
61.7255 -166.003
61.8354 -165.793
62.0765 -165.714
62.1783 -165.448
62.3757 -165.315
62.5157 -165.096
62.5391 -164.868
62.4346 -164.609
62.4863 -164.842
62.6125 -164.479
62.6783 -164.74
62.8797 -164.845
63.0271 -164.663
63.0319 -164.41
63.2292 -164.145
63.2563 -163.827
63.1165 -163.635
63.096 -163.396
63.0488 -163.094
63.1234 -162.881
63.2292 -162.597
63.4039 -162.409
63.5485 -162.237
63.4866 -162.018
63.4504 -161.66
63.4602 -161.423
63.4796 -161.186
63.6218 -160.975
63.7465 -160.767
63.9045 -160.929
64.2063 -160.973
64.31 -161.176
64.4175 -161.429
64.524 -161.093
64.5826 -160.834
64.8101 -160.901
64.8625 -161.146
64.8188 -161.37
64.7704 -161.645
64.7949 -161.896
64.7211 -162.122
64.613 -162.511
64.4293 -162.643
64.4522 -162.875
64.5921 -163.107
64.6484 -163.359
64.522 -163.143
64.5052 -163.409
64.5645 -163.679
64.59 -163.971
64.5695 -164.389
64.59 -164.65
64.5148 -164.886
64.4483 -165.446
64.5119 -165.878
64.5714 -166.19
64.6378 -166.446
64.8695 -166.39
64.953 -166.685
65.0828 -166.879
65.1129 -166.657
65.2446 -166.404
65.2581 -166.125
65.3122 -166.348
65.3362 -166.647
65.3513 -166.938
65.3421 -166.65
65.3513 -167
65.3932 -167.399
65.4534 -167.643
65.5238 -167.887
65.6035 -168.101
65.7486 -167.882
65.7203 -167.581
65.8301 -167.346
65.8598 -167.06
65.996 -166.852
66.0613 -166.536
66.1566 -166.311
66.1253 -165.755
66.1053 -165.5
66.1829 -165.711
66.3236 -165.488
66.437 -165.105
66.4783 -164.731
66.5824 -164.274
66.6023 -163.986
66.6123 -163.736
66.4294 -163.872
66.233 -163.999
66.1072 -163.759
66.0786 -163.354
66.0759 -163.122
66.1035 -162.864
66.0385 -162.639
66.0473 -162.401
66.0759 -161.916
66.0914 -161.685
66.2615 -161.506
66.2274 -161.237
66.1585 -161.024
66.3432 -161.26
66.3835 -161.511
66.4077 -161.745
66.3364 -161.957
66.5563 -162.079
66.7072 -162.265
66.7441 -162.495
66.9348 -162.353
66.8693 -162.121
66.6531 -162.015
66.5322 -161.634
66.4685 -161.388
66.5361 -161.155
66.4406 -160.785
66.3714 -160.451
66.4023 -160.229
66.611 -160.318
66.5935 -160.552
66.6129 -160.814
66.6724 -161.059
66.56 -161.272
66.5339 -161.495
66.6129 -161.868
66.8376 -161.8
66.9641 -161.558
67.033 -161.796
67.0492 -162.248
66.9946 -162.467
67.0183 -162.69
67.043 -162.94
67.057 -163.406
67.085 -163.688
67.289 -163.81
67.4987 -164.046
67.6196 -164.446
67.7742 -164.694
67.8496 -165.054
67.9976 -165.437
68.0919 -165.769
68.1369 -165.994
68.2399 -166.206
68.2996 -166.644
68.4229 -166.445
68.4147 -166.719
68.3588 -166.455
68.522 -166.287
68.7404 -166.197
68.8914 -166.009
68.8795 -165.665
68.8616 -165.322
68.8765 -165.044
68.8815 -164.791
68.9143 -164.346
68.9538 -164.09
69.0386 -163.822
69.1192 -163.286
69.3266 -163.195
69.5204 -163.069
69.7458 -163.005
69.8533 -162.757
69.9417 -162.538
70.0856 -162.341
70.1846 -162.125
70.3047 -161.906
70.175 -162.122
70.1539 -161.865
70.2447 -161.656
70.2561 -161.342
70.2768 -161.067
70.3473 -160.622
70.4897 -160.216
70.5927 -159.947
70.4807 -160.202
70.466 -159.948
70.252 -159.803
70.4971 -159.81
70.4926 -159.541
70.5213 -159.306
70.5238 -159.531
70.5042 -159.764
70.6364 -160.006
70.7279 -159.709
70.8358 -159.412
70.8633 -159.161
70.8124 -159.411
70.6889 -159.216
70.764 -158.99
70.8166 -158.715
70.7913 -158.338
70.8367 -158.043
70.8664 -157.674
70.9514 -157.231
71.155 -157.026
71.3063 -156.682
71.4045 -156.472
71.4065 -156.398

